-0 -47.123889803846893    0.00000000000000000e+00 8.12249441033086605e-02
-0 -40.840704496667314    0.00000000000000000e+00 9.24017101606608021e-02
-0 -34.557519189487721    0.00000000000000000e+00 1.06805526874694495e-01
-0 -28.274333882308138    0.00000000000000000e+00 1.25742231260518894e-01
-0 -21.991148575128552    0.00000000000000000e+00 1.50724801676257819e-01
-0 -15.707963267948966    0.00000000000000000e+00 1.81207340180116055e-01
-0 -9.4247779607693793    0.00000000000000000e+00 1.99649540186109142e-01
-0 -3.1415926535897931    0.00000000000000000e+00 1.14375315018742124e-01
0 3.1415926535897931    0.00000000000000000e+00 -1.14375315018742124e-01
0 9.4247779607693793    0.00000000000000000e+00 -1.99649540186109142e-01
0 15.707963267948966    0.00000000000000000e+00 -1.81207340180116055e-01
0 21.991148575128552    0.00000000000000000e+00 -1.50724801676257819e-01
0 28.274333882308138    0.00000000000000000e+00 -1.25742231260518894e-01
0 34.557519189487721    0.00000000000000000e+00 -1.06805526874694495e-01
0 40.840704496667314    0.00000000000000000e+00 -9.24017101606608021e-02
0 47.123889803846893    0.00000000000000000e+00 -8.12249441033086605e-02
