-0 -47.123889803846893    0.00000000000000000e+00 2.03062360258271651e-02
-0 -40.840704496667314    0.00000000000000000e+00 2.31004275401652005e-02
-0 -34.557519189487721    0.00000000000000000e+00 2.67013817186736238e-02
-0 -28.274333882308138    0.00000000000000000e+00 3.14355578151297235e-02
-0 -21.991148575128552    0.00000000000000000e+00 3.76812004190644548e-02
-0 -15.707963267948966    0.00000000000000000e+00 4.53018350450290139e-02
-0 -9.4247779607693793    0.00000000000000000e+00 4.99123850465272856e-02
-0 -3.1415926535897931    0.00000000000000000e+00 2.85938287546855310e-02
0 3.1415926535897931    0.00000000000000000e+00 -2.85938287546855310e-02
0 9.4247779607693793    0.00000000000000000e+00 -4.99123850465272856e-02
0 15.707963267948966    0.00000000000000000e+00 -4.53018350450290139e-02
0 21.991148575128552    0.00000000000000000e+00 -3.76812004190644548e-02
0 28.274333882308138    0.00000000000000000e+00 -3.14355578151297235e-02
0 34.557519189487721    0.00000000000000000e+00 -2.67013817186736238e-02
0 40.840704496667314    0.00000000000000000e+00 -2.31004275401652005e-02
0 47.123889803846893    0.00000000000000000e+00 -2.03062360258271651e-02
