      0.00000000      0.50187000      0.00516916      0.50187000      0.00516916
      0.00782014      0.49404600      0.00381390      0.49404600      0.00381390
      0.01564027      0.48511400      0.00413971      0.48511400      0.00413971
      0.02346041      0.47824900      0.00285585      0.47824900      0.00285585
      0.03128055      0.47334000      0.00313644      0.47334000      0.00313644
      0.03910068      0.46297700      0.00408705      0.46297700      0.00408705
      0.04692082      0.45475500      0.00370255      0.45475500      0.00370255
      0.05474096      0.44799500      0.00368274      0.44799500      0.00368274
      0.06256109      0.44174500      0.00466609      0.44174500      0.00466609
      0.07038123      0.43658800      0.00378386      0.43658800      0.00378386
      0.07820137      0.42789900      0.00443609      0.42789900      0.00443609
      0.08602151      0.42074300      0.00425200      0.42074300      0.00425200
      0.09384164      0.41456300      0.00306817      0.41456300      0.00306817
      0.10166178      0.40989200      0.00574054      0.40989200      0.00574054
      0.10948192      0.40219800      0.00629285      0.40219800      0.00629285
      0.11730205      0.39550200      0.00571131      0.39550200      0.00571131
      0.12512219      0.39192800      0.00320005      0.39192800      0.00320005
      0.13294233      0.38437300      0.00457858      0.38437300      0.00457858
      0.14076246      0.37865600      0.00567819      0.37865600      0.00567819
      0.14858260      0.37279100      0.00416425      0.37279100      0.00416425
      0.15640274      0.36890900      0.00386345      0.36890900      0.00386345
      0.16422287      0.36303400      0.00507235      0.36303400      0.00507235
      0.17204301      0.35403900      0.00371751      0.35403900      0.00371751
      0.17986315      0.34886700      0.00327252      0.34886700      0.00327252
      0.18768328      0.34428800      0.00298386      0.34428800      0.00298386
      0.19550342      0.34104300      0.00372120      0.34104300      0.00372120
      0.20332356      0.33463900      0.00367593      0.33463900      0.00367593
      0.21114370      0.33313400      0.00261863      0.33313400      0.00261863
      0.21896383      0.32488500      0.00313101      0.32488500      0.00313101
      0.22678397      0.32212800      0.00454913      0.32212800      0.00454913
      0.23460411      0.31661700      0.00356243      0.31661700      0.00356243
      0.24242424      0.31082900      0.00443328      0.31082900      0.00443328
      0.25024438      0.30735300      0.00287632      0.30735300      0.00287632
      0.25806452      0.30207200      0.00343001      0.30207200      0.00343001
      0.26588465      0.29760900      0.00174906      0.29760900      0.00174906
      0.27370479      0.29233400      0.00400797      0.29233400      0.00400797
      0.28152493      0.28998300      0.00205130      0.28998300      0.00205130
      0.28934506      0.28049500      0.00494417      0.28049500      0.00494417
      0.29716520      0.27893200      0.00350283      0.27893200      0.00350283
      0.30498534      0.27325500      0.00340639      0.27325500      0.00340639
      0.31280547      0.27128100      0.00445757      0.27128100      0.00445757
      0.32062561      0.26694300      0.00326725      0.26694300      0.00326725
      0.32844575      0.26207200      0.00603294      0.26207200      0.00603294
      0.33626588      0.26030300      0.00475338      0.26030300      0.00475338
      0.34408602      0.25677600      0.00629603      0.25677600      0.00629603
      0.35190616      0.25131200      0.00335439      0.25131200      0.00335439
      0.35972630      0.24673500      0.00379188      0.24673500      0.00379188
      0.36754643      0.24393100      0.00549116      0.24393100      0.00549116
      0.37536657      0.24078000      0.00430214      0.24078000      0.00430214
      0.38318671      0.23995400      0.00376777      0.23995400      0.00376777
      0.39100684      0.23293600      0.00365969      0.23293600      0.00365969
      0.39882698      0.23094300      0.00442048      0.23094300      0.00442048
      0.40664712      0.22522500      0.00467752      0.22522500      0.00467752
      0.41446725      0.22374700      0.00386667      0.22374700      0.00386667
      0.42228739      0.22073600      0.00354720      0.22073600      0.00354720
      0.43010753      0.21344200      0.00335534      0.21344200      0.00335534
      0.43792766      0.21379000      0.00390763      0.21379000      0.00390763
      0.44574780      0.20955900      0.00428640      0.20955900      0.00428640
      0.45356794      0.20826300      0.00322844      0.20826300      0.00322844
      0.46138807      0.20454700      0.00373020      0.20454700      0.00373020
      0.46920821      0.20199300      0.00379656      0.20199300      0.00379656
      0.47702835      0.19797200      0.00595779      0.19797200      0.00595779
      0.48484848      0.19554700      0.00667522      0.19554700      0.00667522
      0.49266862      0.19215500      0.00372754      0.19215500      0.00372754
      0.50048876      0.18946000      0.00483389      0.18946000      0.00483389
      0.50830890      0.18820900      0.00451776      0.18820900      0.00451776
      0.51612903      0.18450500      0.00434031      0.18450500      0.00434031
      0.52394917      0.17983300      0.00329015      0.17983300      0.00329015
      0.53176931      0.17939100      0.00336909      0.17939100      0.00336909
      0.53958944      0.17680100      0.00338530      0.17680100      0.00338530
      0.54740958      0.17460800      0.00388867      0.17460800      0.00388867
      0.55522972      0.17103300      0.00411723      0.17103300      0.00411723
      0.56304985      0.16686300      0.00455585      0.16686300      0.00455585
      0.57086999      0.16788800      0.00264478      0.16788800      0.00264478
      0.57869013      0.16188600      0.00499061      0.16188600      0.00499061
      0.58651026      0.16152800      0.00577039      0.16152800      0.00577039
      0.59433040      0.15827300      0.00524809      0.15827300      0.00524809
      0.60215054      0.15821700      0.00423244      0.15821700      0.00423244
      0.60997067      0.15577400      0.00461935      0.15577400      0.00461935
      0.61779081      0.15301800      0.00372955      0.15301800      0.00372955
      0.62561095      0.15126200      0.00505154      0.15126200      0.00505154
      0.63343109      0.14780100      0.00349959      0.14780100      0.00349959
      0.64125122      0.14652000      0.00243023      0.14652000      0.00243023
      0.64907136      0.14369500      0.00300137      0.14369500      0.00300137
      0.65689150      0.13987100      0.00325910      0.13987100      0.00325910
      0.66471163      0.14190100      0.00532824      0.14190100      0.00532824
      0.67253177      0.13862100      0.00369327      0.13862100      0.00369327
      0.68035191      0.13410100      0.00458957      0.13410100      0.00458957
      0.68817204      0.13529400      0.00477843      0.13529400      0.00477843
      0.69599218      0.13103000      0.00356769      0.13103000      0.00356769
      0.70381232      0.13096200      0.00340635      0.13096200      0.00340635
      0.71163245      0.12738300      0.00345551      0.12738300      0.00345551
      0.71945259      0.12743500      0.00352840      0.12743500      0.00352840
      0.72727273      0.12478900      0.00412773      0.12478900      0.00412773
      0.73509286      0.12332300      0.00301944      0.12332300      0.00301944
      0.74291300      0.12063400      0.00309783      0.12063400      0.00309783
      0.75073314      0.11815000      0.00306857      0.11815000      0.00306857
      0.75855327      0.11909700      0.00467997      0.11909700      0.00467997
      0.76637341      0.11566000      0.00299613      0.11566000      0.00299613
      0.77419355      0.11414200      0.00363441      0.11414200      0.00363441
      0.78201369      0.11309100      0.00325851      0.11309100      0.00325851
      0.78983382      0.11091600      0.00386539      0.11091600      0.00386539
      0.79765396      0.11231200      0.00285725      0.11231200      0.00285725
      0.80547410      0.11015500      0.00476933      0.11015500      0.00476933
      0.81329423      0.10850400      0.00245896      0.10850400      0.00245896
      0.82111437      0.10646900      0.00406920      0.10646900      0.00406920
      0.82893451      0.10402600      0.00333947      0.10402600      0.00333947
      0.83675464      0.10198000      0.00434546      0.10198000      0.00434546
      0.84457478      0.10060600      0.00455336      0.10060600      0.00455336
      0.85239492      0.10031000      0.00256326      0.10031000      0.00256326
      0.86021505      0.09857900      0.00323936      0.09857900      0.00323936
      0.86803519      0.09485800      0.00323246      0.09485800      0.00323246
      0.87585533      0.09538700      0.00340118      0.09538700      0.00340118
      0.88367546      0.09488500      0.00410125      0.09488500      0.00410125
      0.89149560      0.09174800      0.00310294      0.09174800      0.00310294
      0.89931574      0.09081400      0.00356943      0.09081400      0.00356943
      0.90713587      0.09030600      0.00233885      0.09030600      0.00233885
      0.91495601      0.08956000      0.00359501      0.08956000      0.00359501
      0.92277615      0.08864900      0.00314517      0.08864900      0.00314517
      0.93059629      0.08639800      0.00427423      0.08639800      0.00427423
      0.93841642      0.08552300      0.00350746      0.08552300      0.00350746
      0.94623656      0.08297200      0.00424434      0.08297200      0.00424434
      0.95405670      0.08411000      0.00444094      0.08411000      0.00444094
      0.96187683      0.08234000      0.00328215      0.08234000      0.00328215
      0.96969697      0.08130500      0.00447593      0.08130500      0.00447593
      0.97751711      0.08061900      0.00400988      0.08061900      0.00400988
      0.98533724      0.07869500      0.00352970      0.07869500      0.00352970
      0.99315738      0.07784700      0.00424433      0.07784700      0.00424433
      1.00097752      0.07682400      0.00495046      0.07682400      0.00495046
      1.00879765      0.07458300      0.00293306      0.07458300      0.00293306
      1.01661779      0.07556200      0.00373973      0.07556200      0.00373973
      1.02443793      0.07306800      0.00400946      0.07306800      0.00400946
      1.03225806      0.07135800      0.00379215      0.07135800      0.00379215
      1.04007820      0.07403900      0.00403800      0.07403900      0.00403800
      1.04789834      0.07079300      0.00375136      0.07079300      0.00375136
      1.05571848      0.06891700      0.00345926      0.06891700      0.00345926
      1.06353861      0.07079900      0.00510270      0.07079900      0.00510270
      1.07135875      0.06908700      0.00270412      0.06908700      0.00270412
      1.07917889      0.06659400      0.00370022      0.06659400      0.00370022
      1.08699902      0.06493700      0.00303820      0.06493700      0.00303820
      1.09481916      0.06359000      0.00385355      0.06359000      0.00385355
      1.10263930      0.06395000      0.00233966      0.06395000      0.00233966
      1.11045943      0.06264400      0.00367699      0.06264400      0.00367699
      1.11827957      0.06246400      0.00384840      0.06246400      0.00384840
      1.12609971      0.05988000      0.00274355      0.05988000      0.00274355
      1.13391984      0.06029500      0.00324233      0.06029500      0.00324233
      1.14173998      0.06017000      0.00356085      0.06017000      0.00356085
      1.14956012      0.05974800      0.00347429      0.05974800      0.00347429
      1.15738025      0.05988000      0.00411295      0.05988000      0.00411295
      1.16520039      0.05920100      0.00408794      0.05920100      0.00408794
      1.17302053      0.05660200      0.00361602      0.05660200      0.00361602
      1.18084066      0.05738000      0.00304209      0.05738000      0.00304209
      1.18866080      0.05707300      0.00471461      0.05707300      0.00471461
      1.19648094      0.05480300      0.00420343      0.05480300      0.00420343
      1.20430108      0.05521500      0.00491586      0.05521500      0.00491586
      1.21212121      0.05405200      0.00302326      0.05405200      0.00302326
      1.21994135      0.05228100      0.00335774      0.05228100      0.00335774
      1.22776149      0.05119500      0.00281254      0.05119500      0.00281254
      1.23558162      0.05227300      0.00269160      0.05227300      0.00269160
      1.24340176      0.04978800      0.00287724      0.04978800      0.00287724
      1.25122190      0.05075300      0.00257364      0.05075300      0.00257364
      1.25904203      0.04875800      0.00422366      0.04875800      0.00422366
      1.26686217      0.04709600      0.00275942      0.04709600      0.00275942
      1.27468231      0.04718900      0.00362148      0.04718900      0.00362148
      1.28250244      0.04537400      0.00413075      0.04537400      0.00413075
      1.29032258      0.04448500      0.00335698      0.04448500      0.00335698
      1.29814272      0.04592800      0.00198448      0.04592800      0.00198448
      1.30596285      0.04209600      0.00436841      0.04209600      0.00436841
      1.31378299      0.04296900      0.00181088      0.04296900      0.00181088
      1.32160313      0.04478600      0.00359396      0.04478600      0.00359396
      1.32942326      0.04470200      0.00170668      0.04470200      0.00170668
      1.33724340      0.04356100      0.00268922      0.04356100      0.00268922
      1.34506354      0.04118200      0.00358973      0.04118200      0.00358973
      1.35288368      0.04219500      0.00406560      0.04219500      0.00406560
      1.36070381      0.04053700      0.00349590      0.04053700      0.00349590
      1.36852395      0.03874400      0.00467583      0.03874400      0.00467583
      1.37634409      0.04233600      0.00401028      0.04233600      0.00401028
      1.38416422      0.04093500      0.00236814      0.04093500      0.00236814
      1.39198436      0.04050300      0.00244663      0.04050300      0.00244663
      1.39980450      0.03809900      0.00322806      0.03809900      0.00322806
      1.40762463      0.03740600      0.00396208      0.03740600      0.00396208
      1.41544477      0.03819000      0.00297210      0.03819000      0.00297210
      1.42326491      0.03803200      0.00337228      0.03803200      0.00337228
      1.43108504      0.03833600      0.00447686      0.03833600      0.00447686
      1.43890518      0.03658700      0.00487020      0.03658700      0.00487020
      1.44672532      0.03448300      0.00294353      0.03448300      0.00294353
      1.45454545      0.03420300      0.00339791      0.03420300      0.00339791
      1.46236559      0.03294400      0.00307651      0.03294400      0.00307651
      1.47018573      0.03317700      0.00344224      0.03317700      0.00344224
      1.47800587      0.03319400      0.00431912      0.03319400      0.00431912
      1.48582600      0.03315500      0.00320288      0.03315500      0.00320288
      1.49364614      0.03281900      0.00285640      0.03281900      0.00285640
      1.50146628      0.03514400      0.00468486      0.03514400      0.00468486
      1.50928641      0.03082200      0.00400324      0.03082200      0.00400324
      1.51710655      0.03255600      0.00287011      0.03255600      0.00287011
      1.52492669      0.03326200      0.00548963      0.03326200      0.00548963
      1.53274682      0.02812100      0.00377768      0.02812100      0.00377768
      1.54056696      0.03025900      0.00557506      0.03025900      0.00557506
      1.54838710      0.02903200      0.00443328      0.02903200      0.00443328
      1.55620723      0.03245500      0.00354903      0.03245500      0.00354903
      1.56402737      0.02899400      0.00377823      0.02899400      0.00377823
      1.57184751      0.03042100      0.00414329      0.03042100      0.00414329
      1.57966764      0.02797300      0.00265361      0.02797300      0.00265361
      1.58748778      0.02824600      0.00380418      0.02824600      0.00380418
      1.59530792      0.02980800      0.00276156      0.02980800      0.00276156
      1.60312805      0.03001800      0.00365977      0.03001800      0.00365977
      1.61094819      0.02876200      0.00487518      0.02876200      0.00487518
      1.61876833      0.02846300      0.00446933      0.02846300      0.00446933
      1.62658847      0.02389100      0.00164707      0.02389100      0.00164707
      1.63440860      0.02526400      0.00429913      0.02526400      0.00429913
      1.64222874      0.02674100      0.00356786      0.02674100      0.00356786
      1.65004888      0.02505400      0.00306111      0.02505400      0.00306111
      1.65786901      0.02723700      0.00432575      0.02723700      0.00432575
      1.66568915      0.02354200      0.00319482      0.02354200      0.00319482
      1.67350929      0.02648200      0.00468809      0.02648200      0.00468809
      1.68132942      0.02501800      0.00261670      0.02501800      0.00261670
      1.68914956      0.02419000      0.00470524      0.02419000      0.00470524
      1.69696970      0.02388600      0.00441025      0.02388600      0.00441025
      1.70478983      0.02249200      0.00399401      0.02249200      0.00399401
      1.71260997      0.02319400      0.00354880      0.02319400      0.00354880
      1.72043011      0.02250900      0.00400144      0.02250900      0.00400144
      1.72825024      0.02102700      0.00317019      0.02102700      0.00317019
      1.73607038      0.02163100      0.00393727      0.02163100      0.00393727
      1.74389052      0.02305200      0.00430610      0.02305200      0.00430610
      1.75171065      0.02041900      0.00325586      0.02041900      0.00325586
      1.75953079      0.02229700      0.00494099      0.02229700      0.00494099
      1.76735093      0.02066500      0.00239140      0.02066500      0.00239140
      1.77517107      0.02118700      0.00401018      0.02118700      0.00401018
      1.78299120      0.01974100      0.00401573      0.01974100      0.00401573
      1.79081134      0.02072100      0.00452859      0.02072100      0.00452859
      1.79863148      0.02181100      0.00439600      0.02181100      0.00439600
      1.80645161      0.02094200      0.00308114      0.02094200      0.00308114
      1.81427175      0.01926500      0.00354666      0.01926500      0.00354666
      1.82209189      0.01988800      0.00217665      0.01988800      0.00217665
      1.82991202      0.02028100      0.00367836      0.02028100      0.00367836
      1.83773216      0.01919600      0.00337562      0.01919600      0.00337562
      1.84555230      0.01954200      0.00422676      0.01954200      0.00422676
      1.85337243      0.01798200      0.00301101      0.01798200      0.00301101
      1.86119257      0.02019100      0.00338973      0.02019100      0.00338973
      1.86901271      0.01824500      0.00369585      0.01824500      0.00369585
      1.87683284      0.01725500      0.00304066      0.01725500      0.00304066
      1.88465298      0.01918000      0.00358111      0.01918000      0.00358111
      1.89247312      0.01825000      0.00240008      0.01825000      0.00240008
      1.90029326      0.01873600      0.00414177      0.01873600      0.00414177
      1.90811339      0.01849500      0.00249775      0.01849500      0.00249775
      1.91593353      0.01729100      0.00638091      0.01729100      0.00638091
      1.92375367      0.01773100      0.00334267      0.01773100      0.00334267
      1.93157380      0.01503800      0.00452667      0.01503800      0.00452667
      1.93939394      0.01539500      0.00454805      0.01539500      0.00454805
      1.94721408      0.01698200      0.00435895      0.01698200      0.00435895
      1.95503421      0.01601800      0.00397734      0.01601800      0.00397734
      1.96285435      0.01628800      0.00473813      0.01628800      0.00473813
      1.97067449      0.01417000      0.00522742      0.01417000      0.00522742
      1.97849462      0.01258700      0.00220329      0.01258700      0.00220329
      1.98631476      0.01261100      0.00205360      0.01261100      0.00205360
      1.99413490      0.01395300      0.00447216      0.01395300      0.00447216
      2.00195503      0.01503200      0.00318401      0.01503200      0.00318401
      2.00977517      0.01551000      0.00317244      0.01551000      0.00317244
      2.01759531      0.01570000      0.00413395      0.01570000      0.00413395
      2.02541544      0.01451300      0.00512285      0.01451300      0.00512285
      2.03323558      0.01376000      0.00522477      0.01376000      0.00522477
      2.04105572      0.01452800      0.00515547      0.01452800      0.00515547
      2.04887586      0.01448800      0.00304866      0.01448800      0.00304866
      2.05669599      0.01336900      0.00299133      0.01336900      0.00299133
      2.06451613      0.01300200      0.00370111      0.01300200      0.00370111
      2.07233627      0.01445100      0.00466892      0.01445100      0.00466892
      2.08015640      0.01079000      0.00388793      0.01079000      0.00388793
      2.08797654      0.01251100      0.00405904      0.01251100      0.00405904
      2.09579668      0.01213700      0.00266191      0.01213700      0.00266191
      2.10361681      0.01295200      0.00382169      0.01295200      0.00382169
      2.11143695      0.01289700      0.00259364      0.01289700      0.00259364
      2.11925709      0.01310400      0.00274593      0.01310400      0.00274593
      2.12707722      0.01301100      0.00344949      0.01301100      0.00344949
      2.13489736      0.01157300      0.00365943      0.01157300      0.00365943
      2.14271750      0.01127900      0.00373991      0.01127900      0.00373991
      2.15053763      0.01174900      0.00329053      0.01174900      0.00329053
      2.15835777      0.01295800      0.00358017      0.01295800      0.00358017
      2.16617791      0.01227700      0.00390609      0.01227700      0.00390609
      2.17399804      0.00960000      0.00367225      0.00960000      0.00367225
      2.18181818      0.01018800      0.00474442      0.01018800      0.00474442
      2.18963832      0.01002200      0.00289177      0.01002200      0.00289177
      2.19745846      0.01053700      0.00465832      0.01053700      0.00465832
      2.20527859      0.01089500      0.00330034      0.01089500      0.00330034
      2.21309873      0.01040400      0.00234924      0.01040400      0.00234924
      2.22091887      0.00957700      0.00240216      0.00957700      0.00240216
      2.22873900      0.01124300      0.00419722      0.01124300      0.00419722
      2.23655914      0.01088900      0.00318560      0.01088900      0.00318560
      2.24437928      0.01079300      0.00326521      0.01079300      0.00326521
      2.25219941      0.00843600      0.00203650      0.00843600      0.00203650
      2.26001955      0.01000400      0.00300993      0.01000400      0.00300993
      2.26783969      0.00861200      0.00338094      0.00861200      0.00338094
      2.27565982      0.00919100      0.00445932      0.00919100      0.00445932
      2.28347996      0.01095900      0.00374852      0.01095900      0.00374852
      2.29130010      0.00992100      0.00347787      0.00992100      0.00347787
      2.29912023      0.00928900      0.00388181      0.00928900      0.00388181
      2.30694037      0.00893200      0.00394740      0.00893200      0.00394740
      2.31476051      0.00938900      0.00185894      0.00938900      0.00185894
      2.32258065      0.00804600      0.00286558      0.00804600      0.00286558
      2.33040078      0.00855600      0.00314928      0.00855600      0.00314928
      2.33822092      0.00874600      0.00264823      0.00874600      0.00264823
      2.34604106      0.00918200      0.00361516      0.00918200      0.00361516
      2.35386119      0.00839900      0.00389507      0.00839900      0.00389507
      2.36168133      0.00755400      0.00255542      0.00755400      0.00255542
      2.36950147      0.01020000      0.00392559      0.01020000      0.00392559
      2.37732160      0.00679900      0.00366944      0.00679900      0.00366944
      2.38514174      0.01052000      0.00259779      0.01052000      0.00259779
      2.39296188      0.01023000      0.00388105      0.01023000      0.00388105
      2.40078201      0.00942200      0.00285415      0.00942200      0.00285415
      2.40860215      0.00875500      0.00262994      0.00875500      0.00262994
      2.41642229      0.01041900      0.00507650      0.01041900      0.00507650
      2.42424242      0.00847800      0.00401391      0.00847800      0.00401391
      2.43206256      0.00536400      0.00385132      0.00536400      0.00385132
      2.43988270      0.00844000      0.00255329      0.00844000      0.00255329
      2.44770283      0.00743200      0.00290326      0.00743200      0.00290326
      2.45552297      0.00700300      0.00399636      0.00700300      0.00399636
      2.46334311      0.00737200      0.00267810      0.00737200      0.00267810
      2.47116325      0.00850600      0.00225483      0.00850600      0.00225483
      2.47898338      0.00637300      0.00319278      0.00637300      0.00319278
      2.48680352      0.00582200      0.00162901      0.00582200      0.00162901
      2.49462366      0.00515700      0.00269894      0.00515700      0.00269894
      2.50244379      0.00798200      0.00243183      0.00798200      0.00243183
      2.51026393      0.00710400      0.00304769      0.00710400      0.00304769
      2.51808407      0.00745400      0.00378225      0.00745400      0.00378225
      2.52590420      0.00660100      0.00350856      0.00660100      0.00350856
      2.53372434      0.00729400      0.00352276      0.00729400      0.00352276
      2.54154448      0.00727300      0.00278605      0.00727300      0.00278605
      2.54936461      0.00611600      0.00411584      0.00611600      0.00411584
      2.55718475      0.00629400      0.00481258      0.00629400      0.00481258
      2.56500489      0.00797300      0.00298293      0.00797300      0.00298293
      2.57282502      0.00613400      0.00161686      0.00613400      0.00161686
      2.58064516      0.00422000      0.00153930      0.00422000      0.00153930
      2.58846530      0.00873700      0.00517862      0.00873700      0.00517862
      2.59628543      0.00598600      0.00275025      0.00598600      0.00275025
      2.60410557      0.00514800      0.00421430      0.00514800      0.00421430
      2.61192571      0.00717500      0.00351413      0.00717500      0.00351413
      2.61974585      0.00617200      0.00420525      0.00617200      0.00420525
      2.62756598      0.00663300      0.00412124      0.00663300      0.00412124
      2.63538612      0.00436200      0.00173980      0.00436200      0.00173980
      2.64320626      0.00616100      0.00482362      0.00616100      0.00482362
      2.65102639      0.00560900      0.00247772      0.00560900      0.00247772
      2.65884653      0.00690900      0.00450974      0.00690900      0.00450974
      2.66666667      0.00470900      0.00193916      0.00470900      0.00193916
      2.67448680      0.00606400      0.00440386      0.00606400      0.00440386
      2.68230694      0.00432600      0.00331508      0.00432600      0.00331508
      2.69012708      0.00473900      0.00548902      0.00473900      0.00548902
      2.69794721      0.00642800      0.00411651      0.00642800      0.00411651
      2.70576735      0.00646900      0.00271729      0.00646900      0.00271729
      2.71358749      0.00543500      0.00219946      0.00543500      0.00219946
      2.72140762      0.00798100      0.00501483      0.00798100      0.00501483
      2.72922776      0.00631500      0.00319712      0.00631500      0.00319712
      2.73704790      0.00485600      0.00398460      0.00485600      0.00398460
      2.74486804      0.00435800      0.00349682      0.00435800      0.00349682
      2.75268817      0.00400500      0.00384578      0.00400500      0.00384578
      2.76050831      0.00468800      0.00183055      0.00468800      0.00183055
      2.76832845      0.00391500      0.00311720      0.00391500      0.00311720
      2.77614858      0.00455600      0.00320908      0.00455600      0.00320908
      2.78396872      0.00293100      0.00277405      0.00293100      0.00277405
      2.79178886      0.00309700      0.00183338      0.00309700      0.00183338
      2.79960899      0.00357500      0.00283956      0.00357500      0.00283956
      2.80742913      0.00436300      0.00310888      0.00436300      0.00310888
      2.81524927      0.00569300      0.00390889      0.00569300      0.00390889
      2.82306940      0.00200600      0.00195278      0.00200600      0.00195278
      2.83088954      0.00357200      0.00343022      0.00357200      0.00343022
      2.83870968      0.00413900      0.00340598      0.00413900      0.00340598
      2.84652981      0.00304800      0.00272454      0.00304800      0.00272454
      2.85434995      0.00211600      0.00156482      0.00211600      0.00156482
      2.86217009      0.00482500      0.00283988      0.00482500      0.00283988
      2.86999022      0.00425700      0.00338971      0.00425700      0.00338971
      2.87781036      0.00336900      0.00459046      0.00336900      0.00459046
      2.88563050      0.00514500      0.00409637      0.00514500      0.00409637
      2.89345064      0.00311400      0.00384957      0.00311400      0.00384957
      2.90127077      0.00351700      0.00352449      0.00351700      0.00352449
      2.90909091      0.00516500      0.00345384      0.00516500      0.00345384
      2.91691105      0.00454300      0.00579727      0.00454300      0.00579727
      2.92473118      0.00623800      0.00712761      0.00623800      0.00712761
      2.93255132      0.00286700      0.00302620      0.00286700      0.00302620
      2.94037146      0.00379800      0.00354037      0.00379800      0.00354037
      2.94819159      0.00290800      0.00374718      0.00290800      0.00374718
      2.95601173      0.00331900      0.00434939      0.00331900      0.00434939
      2.96383187      0.00234900      0.00223653      0.00234900      0.00223653
      2.97165200      0.00559600      0.00454941      0.00559600      0.00454941
      2.97947214      0.00370400      0.00282985      0.00370400      0.00282985
      2.98729228      0.00283100      0.00244213      0.00283100      0.00244213
      2.99511241      0.00340100      0.00329699      0.00340100      0.00329699
      3.00293255      0.00593200      0.00472130      0.00593200      0.00472130
      3.01075269      0.00338600      0.00285599      0.00338600      0.00285599
      3.01857283      0.00446600      0.00246943      0.00446600      0.00246943
      3.02639296      0.00456200      0.00239851      0.00456200      0.00239851
      3.03421310      0.00477800      0.00384199      0.00477800      0.00384199
      3.04203324      0.00259800      0.00237438      0.00259800      0.00237438
      3.04985337      0.00205500      0.00163051      0.00205500      0.00163051
      3.05767351      0.00534900      0.00385168      0.00534900      0.00385168
      3.06549365      0.00640300      0.00317622      0.00640300      0.00317622
      3.07331378      0.00407200      0.00390341      0.00407200      0.00390341
      3.08113392      0.00386700      0.00337284      0.00386700      0.00337284
      3.08895406      0.00369300      0.00334442      0.00369300      0.00334442
      3.09677419      0.00352000      0.00266700      0.00352000      0.00266700
      3.10459433      0.00277800      0.00289255      0.00277800      0.00289255
      3.11241447      0.00247800      0.00223540      0.00247800      0.00223540
      3.12023460      0.00212600      0.00217332      0.00212600      0.00217332
      3.12805474      0.00276000      0.00420523      0.00276000      0.00420523
      3.13587488      0.00273000      0.00331241      0.00273000      0.00331241
      3.14369501      0.00359200      0.00422445      0.00359200      0.00422445
      3.15151515      0.00502600      0.00451214      0.00502600      0.00451214
      3.15933529      0.00105200      0.00083429      0.00105200      0.00083429
      3.16715543      0.00181400      0.00202360      0.00181400      0.00202360
      3.17497556      0.00379500      0.00268763      0.00379500      0.00268763
      3.18279570      0.00480100      0.00473744      0.00480100      0.00473744
      3.19061584      0.00149700      0.00238258      0.00149700      0.00238258
      3.19843597      0.00174100      0.00235476      0.00174100      0.00235476
      3.20625611      0.00289000      0.00341968      0.00289000      0.00341968
      3.21407625      0.00279800      0.00476160      0.00279800      0.00476160
      3.22189638      0.00242000      0.00395582      0.00242000      0.00395582
      3.22971652      0.00062600      0.00032703      0.00062600      0.00032703
      3.23753666      0.00262100      0.00397142      0.00262100      0.00397142
      3.24535679      0.00257500      0.00333168      0.00257500      0.00333168
      3.25317693      0.00420800      0.00522304      0.00420800      0.00522304
      3.26099707      0.00183400      0.00237361      0.00183400      0.00237361
      3.26881720      0.00095900      0.00063277      0.00095900      0.00063277
      3.27663734      0.00317700      0.00413452      0.00317700      0.00413452
      3.28445748      0.00148800      0.00226196      0.00148800      0.00226196
      3.29227761      0.00386600      0.00370218      0.00386600      0.00370218
      3.30009775      0.00199600      0.00273916      0.00199600      0.00273916
      3.30791789      0.00227600      0.00277182      0.00227600      0.00277182
      3.31573803      0.00188800      0.00241052      0.00188800      0.00241052
      3.32355816      0.00341900      0.00346004      0.00341900      0.00346004
      3.33137830      0.00086200      0.00065617      0.00086200      0.00065617
      3.33919844      0.00268800      0.00400998      0.00268800      0.00400998
      3.34701857      0.00350800      0.00392579      0.00350800      0.00392579
      3.35483871      0.00176300      0.00243374      0.00176300      0.00243374
      3.36265885      0.00156600      0.00264793      0.00156600      0.00264793
      3.37047898      0.00132600      0.00159854      0.00132600      0.00159854
      3.37829912      0.00340300      0.00563017      0.00340300      0.00563017
      3.38611926      0.00228200      0.00314592      0.00228200      0.00314592
      3.39393939      0.00389300      0.00473581      0.00389300      0.00473581
      3.40175953      0.00134000      0.00179271      0.00134000      0.00179271
      3.40957967      0.00206100      0.00321408      0.00206100      0.00321408
      3.41739980      0.00331900      0.00491627      0.00331900      0.00491627
      3.42521994      0.00066800      0.00057559      0.00066800      0.00057559
      3.43304008      0.00280100      0.00418038      0.00280100      0.00418038
      3.44086022      0.00209800      0.00450039      0.00209800      0.00450039
      3.44868035      0.00065600      0.00027858      0.00065600      0.00027858
      3.45650049      0.00233300      0.00404509      0.00233300      0.00404509
      3.46432063      0.00283100      0.00419519      0.00283100      0.00419519
      3.47214076      0.00191300      0.00425786      0.00191300      0.00425786
      3.47996090      0.00226400      0.00393778      0.00226400      0.00393778
      3.48778104      0.00322200      0.00519481      0.00322200      0.00519481
      3.49560117      0.00107100      0.00106900      0.00107100      0.00106900
      3.50342131      0.00317900      0.00410994      0.00317900      0.00410994
      3.51124145      0.00172400      0.00309001      0.00172400      0.00309001
      3.51906158      0.00100900      0.00154350      0.00100900      0.00154350
      3.52688172      0.00133900      0.00115368      0.00133900      0.00115368
      3.53470186      0.00189600      0.00278501      0.00189600      0.00278501
      3.54252199      0.00124700      0.00247446      0.00124700      0.00247446
      3.55034213      0.00362400      0.00410128      0.00362400      0.00410128
      3.55816227      0.00305900      0.00443524      0.00305900      0.00443524
      3.56598240      0.00271400      0.00380196      0.00271400      0.00380196
      3.57380254      0.00112300      0.00210685      0.00112300      0.00210685
      3.58162268      0.00330200      0.00298756      0.00330200      0.00298756
      3.58944282      0.00266200      0.00299798      0.00266200      0.00299798
      3.59726295      0.00161000      0.00228342      0.00161000      0.00228342
      3.60508309      0.00055900      0.00026140      0.00055900      0.00026140
      3.61290323      0.00154100      0.00191657      0.00154100      0.00191657
      3.62072336      0.00112800      0.00091531      0.00112800      0.00091531
      3.62854350      0.00216800      0.00289776      0.00216800      0.00289776
      3.63636364      0.00080700      0.00054592      0.00080700      0.00054592
      3.64418377      0.00085000      0.00119698      0.00085000      0.00119698
      3.65200391      0.00198100      0.00266756      0.00198100      0.00266756
      3.65982405      0.00160600      0.00198108      0.00160600      0.00198108
      3.66764418      0.00136000      0.00188398      0.00136000      0.00188398
      3.67546432      0.00309200      0.00429638      0.00309200      0.00429638
      3.68328446      0.00162200      0.00209406      0.00162200      0.00209406
      3.69110459      0.00273700      0.00552796      0.00273700      0.00552796
      3.69892473      0.00081600      0.00062626      0.00081600      0.00062626
      3.70674487      0.00086800      0.00126565      0.00086800      0.00126565
      3.71456500      0.00168700      0.00233499      0.00168700      0.00233499
      3.72238514      0.00139700      0.00243574      0.00139700      0.00243574
      3.73020528      0.00104700      0.00173876      0.00104700      0.00173876
      3.73802542      0.00202900      0.00298564      0.00202900      0.00298564
      3.74584555      0.00051900      0.00045774      0.00051900      0.00045774
      3.75366569      0.00152400      0.00168925      0.00152400      0.00168925
      3.76148583      0.00051600      0.00029706      0.00051600      0.00029706
      3.76930596      0.00134100      0.00265050      0.00134100      0.00265050
      3.77712610      0.00261800      0.00349740      0.00261800      0.00349740
      3.78494624      0.00298400      0.00416944      0.00298400      0.00416944
      3.79276637      0.00207700      0.00313950      0.00207700      0.00313950
      3.80058651      0.00157700      0.00263664      0.00157700      0.00263664
      3.80840665      0.00055000      0.00047317      0.00055000      0.00047317
      3.81622678      0.00053000      0.00037686      0.00053000      0.00037686
      3.82404692      0.00342900      0.00400644      0.00342900      0.00400644
      3.83186706      0.00219800      0.00378279      0.00219800      0.00378279
      3.83968719      0.00170800      0.00257200      0.00170800      0.00257200
      3.84750733      0.00130900      0.00264112      0.00130900      0.00264112
      3.85532747      0.00142200      0.00263831      0.00142200      0.00263831
      3.86314761      0.00056900      0.00024678      0.00056900      0.00024678
      3.87096774      0.00047100      0.00032736      0.00047100      0.00032736
      3.87878788      0.00128600      0.00282293      0.00128600      0.00282293
      3.88660802      0.00089900      0.00104799      0.00089900      0.00104799
      3.89442815      0.00147800      0.00323319      0.00147800      0.00323319
      3.90224829      0.00186100      0.00296969      0.00186100      0.00296969
      3.91006843      0.00163000      0.00217468      0.00163000      0.00217468
      3.91788856      0.00039500      0.00015006      0.00039500      0.00015006
      3.92570870      0.00081900      0.00111797      0.00081900      0.00111797
      3.93352884      0.00051700      0.00026748      0.00051700      0.00026748
      3.94134897      0.00166800      0.00359439      0.00166800      0.00359439
      3.94916911      0.00154400      0.00376335      0.00154400      0.00376335
      3.95698925      0.00108100      0.00213730      0.00108100      0.00213730
      3.96480938      0.00180000      0.00304557      0.00180000      0.00304557
      3.97262952      0.00040200      0.00019540      0.00040200      0.00019540
      3.98044966      0.00220000      0.00420419      0.00220000      0.00420419
      3.98826979      0.00236400      0.00571598      0.00236400      0.00571598
      3.99608993      0.00268700      0.00410336      0.00268700      0.00410336
      4.00391007      0.00067500      0.00042684      0.00067500      0.00042684
      4.01173021      0.00046900      0.00032579      0.00046900      0.00032579
      4.01955034      0.00041900      0.00015291      0.00041900      0.00015291
      4.02737048      0.00124500      0.00195277      0.00124500      0.00195277
      4.03519062      0.00266400      0.00415704      0.00266400      0.00415704
      4.04301075      0.00160300      0.00372665      0.00160300      0.00372665
      4.05083089      0.00163300      0.00252795      0.00163300      0.00252795
      4.05865103      0.00334800      0.00565373      0.00334800      0.00565373
      4.06647116      0.00132000      0.00233727      0.00132000      0.00233727
      4.07429130      0.00041200      0.00017853      0.00041200      0.00017853
      4.08211144      0.00058500      0.00043866      0.00058500      0.00043866
      4.08993157      0.00125700      0.00208716      0.00125700      0.00208716
      4.09775171      0.00209600      0.00326248      0.00209600      0.00326248
      4.10557185      0.00089900      0.00140959      0.00089900      0.00140959
      4.11339198      0.00156600      0.00276986      0.00156600      0.00276986
      4.12121212      0.00126500      0.00242081      0.00126500      0.00242081
      4.12903226      0.00121600      0.00245029      0.00121600      0.00245029
      4.13685239      0.00196600      0.00332770      0.00196600      0.00332770
      4.14467253      0.00167200      0.00207877      0.00167200      0.00207877
      4.15249267      0.00202400      0.00350966      0.00202400      0.00350966
      4.16031281      0.00281600      0.00382295      0.00281600      0.00382295
      4.16813294      0.00335700      0.00483015      0.00335700      0.00483015
      4.17595308      0.00242400      0.00312359      0.00242400      0.00312359
      4.18377322      0.00162500      0.00266325      0.00162500      0.00266325
      4.19159335      0.00192800      0.00280147      0.00192800      0.00280147
      4.19941349      0.00131700      0.00213603      0.00131700      0.00213603
      4.20723363      0.00173500      0.00248798      0.00173500      0.00248798
      4.21505376      0.00118900      0.00225879      0.00118900      0.00225879
      4.22287390      0.00184900      0.00235937      0.00184900      0.00235937
      4.23069404      0.00130900      0.00226989      0.00130900      0.00226989
      4.23851417      0.00141400      0.00239437      0.00141400      0.00239437
      4.24633431      0.00196600      0.00268902      0.00196600      0.00268902
      4.25415445      0.00191600      0.00326848      0.00191600      0.00326848
      4.26197458      0.00279200      0.00346690      0.00279200      0.00346690
      4.26979472      0.00087000      0.00127779      0.00087000      0.00127779
      4.27761486      0.00116300      0.00251456      0.00116300      0.00251456
      4.28543500      0.00212200      0.00304752      0.00212200      0.00304752
      4.29325513      0.00256200      0.00474894      0.00256200      0.00474894
      4.30107527      0.00092100      0.00121124      0.00092100      0.00121124
      4.30889541      0.00201300      0.00342890      0.00201300      0.00342890
      4.31671554      0.00233700      0.00358344      0.00233700      0.00358344
      4.32453568      0.00204000      0.00325193      0.00204000      0.00325193
      4.33235582      0.00156200      0.00267014      0.00156200      0.00267014
      4.34017595      0.00139500      0.00216734      0.00139500      0.00216734
      4.34799609      0.00143000      0.00280822      0.00143000      0.00280822
      4.35581623      0.00174800      0.00280382      0.00174800      0.00280382
      4.36363636      0.00067300      0.00047732      0.00067300      0.00047732
      4.37145650      0.00413500      0.00498752      0.00413500      0.00498752
      4.37927664      0.00321100      0.00472197      0.00321100      0.00472197
      4.38709677      0.00174100      0.00279464      0.00174100      0.00279464
      4.39491691      0.00308800      0.00434215      0.00308800      0.00434215
      4.40273705      0.00289300      0.00564512      0.00289300      0.00564512
      4.41055718      0.00194900      0.00293862      0.00194900      0.00293862
      4.41837732      0.00069400      0.00066611      0.00069400      0.00066611
      4.42619746      0.00069400      0.00055025      0.00069400      0.00055025
      4.43401760      0.00060000      0.00036808      0.00060000      0.00036808
      4.44183773      0.00128100      0.00232858      0.00128100      0.00232858
      4.44965787      0.00342000      0.00423704      0.00342000      0.00423704
      4.45747801      0.00459100      0.00472175      0.00459100      0.00472175
      4.46529814      0.00158400      0.00304227      0.00158400      0.00304227
      4.47311828      0.00201900      0.00336778      0.00201900      0.00336778
      4.48093842      0.00048000      0.00010423      0.00048000      0.00010423
      4.48875855      0.00395100      0.00500606      0.00395100      0.00500606
      4.49657869      0.00117800      0.00120697      0.00117800      0.00120697
      4.50439883      0.00089400      0.00071730      0.00089400      0.00071730
      4.51221896      0.00160700      0.00360446      0.00160700      0.00360446
      4.52003910      0.00065700      0.00035218      0.00065700      0.00035218
      4.52785924      0.00273300      0.00403915      0.00273300      0.00403915
      4.53567937      0.00189900      0.00289078      0.00189900      0.00289078
      4.54349951      0.00196500      0.00414475      0.00196500      0.00414475
      4.55131965      0.00122900      0.00082937      0.00122900      0.00082937
      4.55913978      0.00185700      0.00405234      0.00185700      0.00405234
      4.56695992      0.00086700      0.00095861      0.00086700      0.00095861
      4.57478006      0.00588000      0.00912643      0.00588000      0.00912643
      4.58260020      0.00199100      0.00444361      0.00199100      0.00444361
      4.59042033      0.00274000      0.00410930      0.00274000      0.00410930
      4.59824047      0.00217700      0.00406960      0.00217700      0.00406960
      4.60606061      0.00452200      0.00610456      0.00452200      0.00610456
      4.61388074      0.00318700      0.00552661      0.00318700      0.00552661
      4.62170088      0.00524500      0.01277084      0.00524500      0.01277084
      4.62952102      0.00245100      0.00395782      0.00245100      0.00395782
      4.63734115      0.00160700      0.00373465      0.00160700      0.00373465
      4.64516129      0.00345100      0.00474857      0.00345100      0.00474857
      4.65298143      0.00328300      0.00481065      0.00328300      0.00481065
      4.66080156      0.00492800      0.00565658      0.00492800      0.00565658
      4.66862170      0.00293200      0.00352734      0.00293200      0.00352734
      4.67644184      0.00070300      0.00040138      0.00070300      0.00040138
      4.68426197      0.00082700      0.00031439      0.00082700      0.00031439
      4.69208211      0.00249100      0.00303314      0.00249100      0.00303314
      4.69990225      0.00249800      0.00351588      0.00249800      0.00351588
      4.70772239      0.00192600      0.00259780      0.00192600      0.00259780
      4.71554252      0.00237700      0.00328656      0.00237700      0.00328656
      4.72336266      0.00328600      0.00340318      0.00328600      0.00340318
      4.73118280      0.00228100      0.00288122      0.00228100      0.00288122
      4.73900293      0.00511900      0.00509931      0.00511900      0.00509931
      4.74682307      0.00140200      0.00214580      0.00140200      0.00214580
      4.75464321      0.00505300      0.00717436      0.00505300      0.00717436
      4.76246334      0.00230100      0.00267365      0.00230100      0.00267365
      4.77028348      0.00403400      0.00465291      0.00403400      0.00465291
      4.77810362      0.00289500      0.00396346      0.00289500      0.00396346
      4.78592375      0.00492500      0.00451899      0.00492500      0.00451899
      4.79374389      0.00275900      0.00411599      0.00275900      0.00411599
      4.80156403      0.00328400      0.00340066      0.00328400      0.00340066
      4.80938416      0.00072000      0.00022176      0.00072000      0.00022176
      4.81720430      0.00317100      0.00431091      0.00317100      0.00431091
      4.82502444      0.00320200      0.00379369      0.00320200      0.00379369
      4.83284457      0.00191000      0.00166743      0.00191000      0.00166743
      4.84066471      0.00244500      0.00265139      0.00244500      0.00265139
      4.84848485      0.00341400      0.00353779      0.00341400      0.00353779
      4.85630499      0.00397600      0.00358653      0.00397600      0.00358653
      4.86412512      0.00352800      0.00348581      0.00352800      0.00348581
      4.87194526      0.00264300      0.00250681      0.00264300      0.00250681
      4.87976540      0.00379400      0.00259731      0.00379400      0.00259731
      4.88758553      0.00228700      0.00208886      0.00228700      0.00208886
      4.89540567      0.00211800      0.00166721      0.00211800      0.00166721
      4.90322581      0.00298400      0.00267094      0.00298400      0.00267094
      4.91104594      0.00444700      0.00443277      0.00444700      0.00443277
      4.91886608      0.00376900      0.00381045      0.00376900      0.00381045
      4.92668622      0.00553500      0.00526103      0.00553500      0.00526103
      4.93450635      0.00269600      0.00234810      0.00269600      0.00234810
      4.94232649      0.00238700      0.00309110      0.00238700      0.00309110
      4.95014663      0.00417000      0.00311980      0.00417000      0.00311980
      4.95796676      0.00172700      0.00188124      0.00172700      0.00188124
      4.96578690      0.00248600      0.00297454      0.00248600      0.00297454
      4.97360704      0.00312900      0.00202536      0.00312900      0.00202536
      4.98142717      0.00421800      0.00474433      0.00421800      0.00474433
      4.98924731      0.00489900      0.00392840      0.00489900      0.00392840
      4.99706745      0.00342800      0.00272629      0.00342800      0.00272629
      5.00488759      0.00346500      0.00376924      0.00346500      0.00376924
      5.01270772      0.00246300      0.00346225      0.00246300      0.00346225
      5.02052786      0.00317700      0.00307998      0.00317700      0.00307998
      5.02834800      0.00417300      0.00321864      0.00417300      0.00321864
      5.03616813      0.00307400      0.00250734      0.00307400      0.00250734
      5.04398827      0.00349300      0.00267196      0.00349300      0.00267196
      5.05180841      0.00307000      0.00252030      0.00307000      0.00252030
      5.05962854      0.00469600      0.00340732      0.00469600      0.00340732
      5.06744868      0.00491200      0.00397512      0.00491200      0.00397512
      5.07526882      0.00335600      0.00288634      0.00335600      0.00288634
      5.08308895      0.00541600      0.00465605      0.00541600      0.00465605
      5.09090909      0.00419800      0.00354121      0.00419800      0.00354121
      5.09872923      0.00364300      0.00251736      0.00364300      0.00251736
      5.10654936      0.00317100      0.00287399      0.00317100      0.00287399
      5.11436950      0.00358800      0.00348340      0.00358800      0.00348340
      5.12218964      0.00679600      0.00479488      0.00679600      0.00479488
      5.13000978      0.00461700      0.00340203      0.00461700      0.00340203
      5.13782991      0.00339500      0.00384289      0.00339500      0.00384289
      5.14565005      0.00516600      0.00377785      0.00516600      0.00377785
      5.15347019      0.00354600      0.00245717      0.00354600      0.00245717
      5.16129032      0.00509700      0.00494595      0.00509700      0.00494595
      5.16911046      0.00440100      0.00394302      0.00440100      0.00394302
      5.17693060      0.00365900      0.00279804      0.00365900      0.00279804
      5.18475073      0.00651400      0.00398427      0.00651400      0.00398427
      5.19257087      0.00522300      0.00440925      0.00522300      0.00440925
      5.20039101      0.00261600      0.00161386      0.00261600      0.00161386
      5.20821114      0.00456900      0.00329928      0.00456900      0.00329928
      5.21603128      0.00328900      0.00263658      0.00328900      0.00263658
      5.22385142      0.00506500      0.00343509      0.00506500      0.00343509
      5.23167155      0.00474500      0.00360990      0.00474500      0.00360990
      5.23949169      0.00536400      0.00577509      0.00536400      0.00577509
      5.24731183      0.00521700      0.00282730      0.00521700      0.00282730
      5.25513196      0.00447600      0.00354263      0.00447600      0.00354263
      5.26295210      0.00540500      0.00301392      0.00540500      0.00301392
      5.27077224      0.00653700      0.00287211      0.00653700      0.00287211
      5.27859238      0.00590600      0.00423843      0.00590600      0.00423843
      5.28641251      0.00674700      0.00227039      0.00674700      0.00227039
      5.29423265      0.00783000      0.00382828      0.00783000      0.00382828
      5.30205279      0.00464100      0.00282562      0.00464100      0.00282562
      5.30987292      0.00460000      0.00229385      0.00460000      0.00229385
      5.31769306      0.00612700      0.00329382      0.00612700      0.00329382
      5.32551320      0.00448100      0.00197039      0.00448100      0.00197039
      5.33333333      0.00715700      0.00378939      0.00715700      0.00378939
      5.34115347      0.00682100      0.00509890      0.00682100      0.00509890
      5.34897361      0.00442400      0.00271990      0.00442400      0.00271990
      5.35679374      0.00513300      0.00249679      0.00513300      0.00249679
      5.36461388      0.00690400      0.00284421      0.00690400      0.00284421
      5.37243402      0.00560600      0.00258959      0.00560600      0.00258959
      5.38025415      0.00543600      0.00279490      0.00543600      0.00279490
      5.38807429      0.00509500      0.00248062      0.00509500      0.00248062
      5.39589443      0.00612700      0.00314596      0.00612700      0.00314596
      5.40371457      0.00768400      0.00422565      0.00768400      0.00422565
      5.41153470      0.00773800      0.00342864      0.00773800      0.00342864
      5.41935484      0.00607700      0.00353616      0.00607700      0.00353616
      5.42717498      0.00653400      0.00324462      0.00653400      0.00324462
      5.43499511      0.00500200      0.00237937      0.00500200      0.00237937
      5.44281525      0.00569000      0.00317296      0.00569000      0.00317296
      5.45063539      0.00524000      0.00328627      0.00524000      0.00328627
      5.45845552      0.00590600      0.00465600      0.00590600      0.00465600
      5.46627566      0.00631800      0.00190917      0.00631800      0.00190917
      5.47409580      0.00698300      0.00543584      0.00698300      0.00543584
      5.48191593      0.00637600      0.00529663      0.00637600      0.00529663
      5.48973607      0.00874400      0.00256522      0.00874400      0.00256522
      5.49755621      0.00554200      0.00321304      0.00554200      0.00321304
      5.50537634      0.00713700      0.00255091      0.00713700      0.00255091
      5.51319648      0.00887800      0.00620144      0.00887800      0.00620144
      5.52101662      0.00756800      0.00341436      0.00756800      0.00341436
      5.52883675      0.00808700      0.00381650      0.00808700      0.00381650
      5.53665689      0.00795900      0.00409606      0.00795900      0.00409606
      5.54447703      0.00695500      0.00448465      0.00695500      0.00448465
      5.55229717      0.00646400      0.00250087      0.00646400      0.00250087
      5.56011730      0.00719300      0.00280005      0.00719300      0.00280005
      5.56793744      0.00718800      0.00227039      0.00718800      0.00227039
      5.57575758      0.00756000      0.00261298      0.00756000      0.00261298
      5.58357771      0.00840000      0.00274837      0.00840000      0.00274837
      5.59139785      0.00594500      0.00332185      0.00594500      0.00332185
      5.59921799      0.00958900      0.00414447      0.00958900      0.00414447
      5.60703812      0.01049600      0.00360847      0.01049600      0.00360847
      5.61485826      0.00950100      0.00384099      0.00950100      0.00384099
      5.62267840      0.00808400      0.00431148      0.00808400      0.00431148
      5.63049853      0.00845800      0.00481615      0.00845800      0.00481615
      5.63831867      0.00958400      0.00442430      0.00958400      0.00442430
      5.64613881      0.00835600      0.00287884      0.00835600      0.00287884
      5.65395894      0.00814300      0.00268442      0.00814300      0.00268442
      5.66177908      0.00815700      0.00337831      0.00815700      0.00337831
      5.66959922      0.00957700      0.00415739      0.00957700      0.00415739
      5.67741935      0.00824200      0.00249795      0.00824200      0.00249795
      5.68523949      0.00918200      0.00277696      0.00918200      0.00277696
      5.69305963      0.00787200      0.00435795      0.00787200      0.00435795
      5.70087977      0.01140800      0.00460783      0.01140800      0.00460783
      5.70869990      0.00913900      0.00416304      0.00913900      0.00416304
      5.71652004      0.01128200      0.00487394      0.01128200      0.00487394
      5.72434018      0.00917100      0.00406595      0.00917100      0.00406595
      5.73216031      0.00880100      0.00253043      0.00880100      0.00253043
      5.73998045      0.00956200      0.00270300      0.00956200      0.00270300
      5.74780059      0.00935300      0.00456282      0.00935300      0.00456282
      5.75562072      0.01004600      0.00419775      0.01004600      0.00419775
      5.76344086      0.01217000      0.00351025      0.01217000      0.00351025
      5.77126100      0.00994900      0.00388088      0.00994900      0.00388088
      5.77908113      0.01061500      0.00331131      0.01061500      0.00331131
      5.78690127      0.00958800      0.00279101      0.00958800      0.00279101
      5.79472141      0.00984800      0.00262358      0.00984800      0.00262358
      5.80254154      0.01198900      0.00303284      0.01198900      0.00303284
      5.81036168      0.01124900      0.00218420      0.01124900      0.00218420
      5.81818182      0.01056500      0.00375789      0.01056500      0.00375789
      5.82600196      0.01093400      0.00173034      0.01093400      0.00173034
      5.83382209      0.00936000      0.00361932      0.00936000      0.00361932
      5.84164223      0.01179700      0.00268851      0.01179700      0.00268851
      5.84946237      0.00951000      0.00250569      0.00951000      0.00250569
      5.85728250      0.01107600      0.00267179      0.01107600      0.00267179
      5.86510264      0.01432500      0.00488531      0.01432500      0.00488531
      5.87292278      0.01128500      0.00220296      0.01128500      0.00220296
      5.88074291      0.01381300      0.00317310      0.01381300      0.00317310
      5.88856305      0.01171100      0.00185163      0.01171100      0.00185163
      5.89638319      0.01276600      0.00480525      0.01276600      0.00480525
      5.90420332      0.01319900      0.00344479      0.01319900      0.00344479
      5.91202346      0.01246900      0.00266077      0.01246900      0.00266077
      5.91984360      0.01309800      0.00326404      0.01309800      0.00326404
      5.92766373      0.01411100      0.00286198      0.01411100      0.00286198
      5.93548387      0.01330100      0.00428354      0.01330100      0.00428354
      5.94330401      0.01310800      0.00275380      0.01310800      0.00275380
      5.95112414      0.01370800      0.00286187      0.01370800      0.00286187
      5.95894428      0.01502100      0.00445121      0.01502100      0.00445121
      5.96676442      0.01354400      0.00325066      0.01354400      0.00325066
      5.97458456      0.01346700      0.00224155      0.01346700      0.00224155
      5.98240469      0.01473900      0.00341612      0.01473900      0.00341612
      5.99022483      0.01576800      0.00292110      0.01576800      0.00292110
      5.99804497      0.01517200      0.00425578      0.01517200      0.00425578
      6.00586510      0.01584200      0.00495653      0.01584200      0.00495653
      6.01368524      0.01463200      0.00270773      0.01463200      0.00270773
      6.02150538      0.01568900      0.00499152      0.01568900      0.00499152
      6.02932551      0.01535100      0.00424588      0.01535100      0.00424588
      6.03714565      0.01399400      0.00367846      0.01399400      0.00367846
      6.04496579      0.01509900      0.00406127      0.01509900      0.00406127
      6.05278592      0.01539800      0.00353753      0.01539800      0.00353753
      6.06060606      0.01463300      0.00401142      0.01463300      0.00401142
      6.06842620      0.01641300      0.00546373      0.01641300      0.00546373
      6.07624633      0.01610700      0.00428956      0.01610700      0.00428956
      6.08406647      0.01531900      0.00401735      0.01531900      0.00401735
      6.09188661      0.01966500      0.00299106      0.01966500      0.00299106
      6.09970674      0.01695500      0.00351357      0.01695500      0.00351357
      6.10752688      0.01792600      0.00361443      0.01792600      0.00361443
      6.11534702      0.01795400      0.00299349      0.01795400      0.00299349
      6.12316716      0.01799400      0.00246825      0.01799400      0.00246825
      6.13098729      0.01715700      0.00414213      0.01715700      0.00414213
      6.13880743      0.01985500      0.00311961      0.01985500      0.00311961
      6.14662757      0.01806300      0.00286533      0.01806300      0.00286533
      6.15444770      0.01850700      0.00292853      0.01850700      0.00292853
      6.16226784      0.01786100      0.00269799      0.01786100      0.00269799
      6.17008798      0.01880800      0.00245464      0.01880800      0.00245464
      6.17790811      0.02109200      0.00322121      0.02109200      0.00322121
      6.18572825      0.02006500      0.00394943      0.02006500      0.00394943
      6.19354839      0.01898600      0.00311755      0.01898600      0.00311755
      6.20136852      0.02198100      0.00403637      0.02198100      0.00403637
      6.20918866      0.02101800      0.00443933      0.02101800      0.00443933
      6.21700880      0.01887700      0.00440155      0.01887700      0.00440155
      6.22482893      0.02153100      0.00387338      0.02153100      0.00387338
      6.23264907      0.02157400      0.00403826      0.02157400      0.00403826
      6.24046921      0.02190100      0.00361509      0.02190100      0.00361509
      6.24828935      0.02366200      0.00431468      0.02366200      0.00431468
      6.25610948      0.01988400      0.00345455      0.01988400      0.00345455
      6.26392962      0.02058800      0.00284213      0.02058800      0.00284213
      6.27174976      0.02485300      0.00365078      0.02485300      0.00365078
      6.27956989      0.02273300      0.00340968      0.02273300      0.00340968
      6.28739003      0.02316400      0.00332619      0.02316400      0.00332619
      6.29521017      0.02213700      0.00307819      0.02213700      0.00307819
      6.30303030      0.02261500      0.00298715      0.02261500      0.00298715
      6.31085044      0.02675500      0.00217004      0.02675500      0.00217004
      6.31867058      0.02348800      0.00485070      0.02348800      0.00485070
      6.32649071      0.02510700      0.00439344      0.02510700      0.00439344
      6.33431085      0.02482300      0.00466643      0.02482300      0.00466643
      6.34213099      0.02775400      0.00390521      0.02775400      0.00390521
      6.34995112      0.02482900      0.00452429      0.02482900      0.00452429
      6.35777126      0.02850700      0.00463503      0.02850700      0.00463503
      6.36559140      0.02594900      0.00233938      0.02594900      0.00233938
      6.37341153      0.02496300      0.00326009      0.02496300      0.00326009
      6.38123167      0.02733600      0.00337755      0.02733600      0.00337755
      6.38905181      0.02849100      0.00435370      0.02849100      0.00435370
      6.39687195      0.02782700      0.00324710      0.02782700      0.00324710
      6.40469208      0.02862500      0.00501499      0.02862500      0.00501499
      6.41251222      0.02752400      0.00303039      0.02752400      0.00303039
      6.42033236      0.02858100      0.00439330      0.02858100      0.00439330
      6.42815249      0.03081500      0.00425297      0.03081500      0.00425297
      6.43597263      0.03010600      0.00266642      0.03010600      0.00266642
      6.44379277      0.03058200      0.00329432      0.03058200      0.00329432
      6.45161290      0.03156900      0.00322093      0.03156900      0.00322093
      6.45943304      0.03292200      0.00350888      0.03292200      0.00350888
      6.46725318      0.03138000      0.00347266      0.03138000      0.00347266
      6.47507331      0.03091100      0.00202077      0.03091100      0.00202077
      6.48289345      0.03139200      0.00328623      0.03139200      0.00328623
      6.49071359      0.03349700      0.00470789      0.03349700      0.00470789
      6.49853372      0.03164900      0.00407929      0.03164900      0.00407929
      6.50635386      0.03188300      0.00241342      0.03188300      0.00241342
      6.51417400      0.03303600      0.00327390      0.03303600      0.00327390
      6.52199413      0.03451700      0.00491530      0.03451700      0.00491530
      6.52981427      0.03558900      0.00378481      0.03558900      0.00378481
      6.53763441      0.03434000      0.00574058      0.03434000      0.00574058
      6.54545455      0.03614500      0.00508751      0.03614500      0.00508751
      6.55327468      0.03693300      0.00344007      0.03693300      0.00344007
      6.56109482      0.03609600      0.00431918      0.03609600      0.00431918
      6.56891496      0.03553700      0.00246814      0.03553700      0.00246814
      6.57673509      0.03709000      0.00513216      0.03709000      0.00513216
      6.58455523      0.03935300      0.00405238      0.03935300      0.00405238
      6.59237537      0.03935900      0.00237153      0.03935900      0.00237153
      6.60019550      0.03894500      0.00328305      0.03894500      0.00328305
      6.60801564      0.03805200      0.00276674      0.03805200      0.00276674
      6.61583578      0.03873000      0.00247118      0.03873000      0.00247118
      6.62365591      0.04034400      0.00405051      0.04034400      0.00405051
      6.63147605      0.03985000      0.00312520      0.03985000      0.00312520
      6.63929619      0.04000500      0.00323698      0.04000500      0.00323698
      6.64711632      0.04266500      0.00474163      0.04266500      0.00474163
      6.65493646      0.04042800      0.00357428      0.04042800      0.00357428
      6.66275660      0.04260700      0.00460795      0.04260700      0.00460795
      6.67057674      0.04371700      0.00228322      0.04371700      0.00228322
      6.67839687      0.04525700      0.00376803      0.04525700      0.00376803
      6.68621701      0.04614000      0.00246794      0.04614000      0.00246794
      6.69403715      0.04553100      0.00421576      0.04553100      0.00421576
      6.70185728      0.04614500      0.00425179      0.04614500      0.00425179
      6.70967742      0.04751500      0.00514723      0.04751500      0.00514723
      6.71749756      0.04791300      0.00368357      0.04791300      0.00368357
      6.72531769      0.04904000      0.00303553      0.04904000      0.00303553
      6.73313783      0.04616800      0.00421933      0.04616800      0.00421933
      6.74095797      0.05013500      0.00372088      0.05013500      0.00372088
      6.74877810      0.05117000      0.00317507      0.05117000      0.00317507
      6.75659824      0.05079200      0.00434370      0.05079200      0.00434370
      6.76441838      0.05184100      0.00499953      0.05184100      0.00499953
      6.77223851      0.05060100      0.00398261      0.05060100      0.00398261
      6.78005865      0.05247900      0.00347194      0.05247900      0.00347194
      6.78787879      0.05211000      0.00389841      0.05211000      0.00389841
      6.79569892      0.05662800      0.00302662      0.05662800      0.00302662
      6.80351906      0.05413300      0.00557656      0.05413300      0.00557656
      6.81133920      0.05686500      0.00479269      0.05686500      0.00479269
      6.81915934      0.05625300      0.00437165      0.05625300      0.00437165
      6.82697947      0.05900400      0.00538534      0.05900400      0.00538534
      6.83479961      0.05811200      0.00216671      0.05811200      0.00216671
      6.84261975      0.05874000      0.00274404      0.05874000      0.00274404
      6.85043988      0.05697400      0.00350570      0.05697400      0.00350570
      6.85826002      0.05942200      0.00303537      0.05942200      0.00303537
      6.86608016      0.06030200      0.00323838      0.06030200      0.00323838
      6.87390029      0.06039500      0.00280714      0.06039500      0.00280714
      6.88172043      0.06282200      0.00271565      0.06282200      0.00271565
      6.88954057      0.06481100      0.00278573      0.06481100      0.00278573
      6.89736070      0.06474200      0.00396620      0.06474200      0.00396620
      6.90518084      0.06608100      0.00375891      0.06608100      0.00375891
      6.91300098      0.06903000      0.00353822      0.06903000      0.00353822
      6.92082111      0.06840300      0.00301563      0.06840300      0.00301563
      6.92864125      0.06699000      0.00336276      0.06699000      0.00336276
      6.93646139      0.06995700      0.00399756      0.06995700      0.00399756
      6.94428152      0.07150200      0.00214007      0.07150200      0.00214007
      6.95210166      0.06925200      0.00414322      0.06925200      0.00414322
      6.95992180      0.07237100      0.00343859      0.07237100      0.00343859
      6.96774194      0.07196300      0.00485066      0.07196300      0.00485066
      6.97556207      0.07311400      0.00454646      0.07311400      0.00454646
      6.98338221      0.07383900      0.00509332      0.07383900      0.00509332
      6.99120235      0.07512900      0.00388641      0.07512900      0.00388641
      6.99902248      0.07663700      0.00320123      0.07663700      0.00320123
      7.00684262      0.07775600      0.00376037      0.07775600      0.00376037
      7.01466276      0.07891800      0.00402863      0.07891800      0.00402863
      7.02248289      0.07813200      0.00457587      0.07813200      0.00457587
      7.03030303      0.08020400      0.00206836      0.08020400      0.00206836
      7.03812317      0.08157500      0.00212386      0.08157500      0.00212386
      7.04594330      0.08291400      0.00314675      0.08291400      0.00314675
      7.05376344      0.08672100      0.00370328      0.08672100      0.00370328
      7.06158358      0.08611600      0.00329413      0.08611600      0.00329413
      7.06940371      0.08748900      0.00258659      0.08748900      0.00258659
      7.07722385      0.08757400      0.00592687      0.08757400      0.00592687
      7.08504399      0.08716100      0.00161930      0.08716100      0.00161930
      7.09286413      0.08768300      0.00337332      0.08768300      0.00337332
      7.10068426      0.09128300      0.00428082      0.09128300      0.00428082
      7.10850440      0.09548000      0.00441413      0.09548000      0.00441413
      7.11632454      0.09281900      0.00471051      0.09281900      0.00471051
      7.12414467      0.09573200      0.00403196      0.09573200      0.00403196
      7.13196481      0.09673800      0.00422040      0.09673800      0.00422040
      7.13978495      0.09899300      0.00446449      0.09899300      0.00446449
      7.14760508      0.09954200      0.00376526      0.09954200      0.00376526
      7.15542522      0.10270900      0.00390348      0.10270900      0.00390348
      7.16324536      0.10079500      0.00259460      0.10079500      0.00259460
      7.17106549      0.10436100      0.00374024      0.10436100      0.00374024
      7.17888563      0.10274700      0.00152400      0.10274700      0.00152400
      7.18670577      0.10899800      0.00515293      0.10899800      0.00515293
      7.19452590      0.10956900      0.00555296      0.10956900      0.00555296
      7.20234604      0.10910900      0.00462992      0.10910900      0.00462992
      7.21016618      0.11148800      0.00412060      0.11148800      0.00412060
      7.21798631      0.11197400      0.00492604      0.11197400      0.00492604
      7.22580645      0.11405200      0.00296342      0.11405200      0.00296342
      7.23362659      0.11530200      0.00450631      0.11530200      0.00450631
      7.24144673      0.11580800      0.00340684      0.11580800      0.00340684
      7.24926686      0.12007800      0.00298089      0.12007800      0.00298089
      7.25708700      0.12269100      0.00450519      0.12269100      0.00450519
      7.26490714      0.12316600      0.00507236      0.12316600      0.00507236
      7.27272727      0.12507800      0.00282483      0.12507800      0.00282483
      7.28054741      0.12708400      0.00298868      0.12708400      0.00298868
      7.28836755      0.12543300      0.00364750      0.12543300      0.00364750
      7.29618768      0.13020100      0.00544071      0.13020100      0.00544071
      7.30400782      0.13092100      0.00313143      0.13092100      0.00313143
      7.31182796      0.13695400      0.00398838      0.13695400      0.00398838
      7.31964809      0.13758800      0.00397251      0.13758800      0.00397251
      7.32746823      0.13829300      0.00504716      0.13829300      0.00504716
      7.33528837      0.13945500      0.00382673      0.13945500      0.00382673
      7.34310850      0.14174000      0.00338204      0.14174000      0.00338204
      7.35092864      0.14342900      0.00335948      0.14342900      0.00335948
      7.35874878      0.14699600      0.00255941      0.14699600      0.00255941
      7.36656891      0.14625600      0.00457580      0.14625600      0.00457580
      7.37438905      0.15067500      0.00406898      0.15067500      0.00406898
      7.38220919      0.15295600      0.00326369      0.15295600      0.00326369
      7.39002933      0.15394900      0.00414155      0.15394900      0.00414155
      7.39784946      0.15550300      0.00799333      0.15550300      0.00799333
      7.40566960      0.15929700      0.00259964      0.15929700      0.00259964
      7.41348974      0.16359300      0.00451827      0.16359300      0.00451827
      7.42130987      0.16564400      0.00464291      0.16564400      0.00464291
      7.42913001      0.16687600      0.00202104      0.16687600      0.00202104
      7.43695015      0.16864800      0.00455165      0.16864800      0.00455165
      7.44477028      0.17106700      0.00413317      0.17106700      0.00413317
      7.45259042      0.17451400      0.00311542      0.17451400      0.00311542
      7.46041056      0.17711100      0.00508622      0.17711100      0.00508622
      7.46823069      0.17881800      0.00223664      0.17881800      0.00223664
      7.47605083      0.18245500      0.00478391      0.18245500      0.00478391
      7.48387097      0.18619800      0.00328744      0.18619800      0.00328744
      7.49169110      0.18616500      0.00362001      0.18616500      0.00362001
      7.49951124      0.19153300      0.00384376      0.19153300      0.00384376
      7.50733138      0.19379800      0.00329293      0.19379800      0.00329293
      7.51515152      0.19509300      0.00194666      0.19509300      0.00194666
      7.52297165      0.19889000      0.00488346      0.19889000      0.00488346
      7.53079179      0.20265600      0.00525863      0.20265600      0.00525863
      7.53861193      0.20304900      0.00585104      0.20304900      0.00585104
      7.54643206      0.20770800      0.00338285      0.20770800      0.00338285
      7.55425220      0.21106900      0.00324175      0.21106900      0.00324175
      7.56207234      0.21294700      0.00479258      0.21294700      0.00479258
      7.56989247      0.21716800      0.00470408      0.21716800      0.00470408
      7.57771261      0.22103500      0.00443787      0.22103500      0.00443787
      7.58553275      0.22482600      0.00306791      0.22482600      0.00306791
      7.59335288      0.22736400      0.00506234      0.22736400      0.00506234
      7.60117302      0.23073100      0.00337372      0.23073100      0.00337372
      7.60899316      0.23513500      0.00409927      0.23513500      0.00409927
      7.61681329      0.23622400      0.00472234      0.23622400      0.00472234
      7.62463343      0.24224800      0.00458876      0.24224800      0.00458876
      7.63245357      0.24530300      0.00392622      0.24530300      0.00392622
      7.64027370      0.25088100      0.00333130      0.25088100      0.00333130
      7.64809384      0.25043500      0.00555346      0.25043500      0.00555346
      7.65591398      0.25547000      0.00504047      0.25547000      0.00504047
      7.66373412      0.25769000      0.00523484      0.25769000      0.00523484
      7.67155425      0.26332800      0.00428197      0.26332800      0.00428197
      7.67937439      0.26564000      0.00509979      0.26564000      0.00509979
      7.68719453      0.27115000      0.00428767      0.27115000      0.00428767
      7.69501466      0.27416800      0.00285385      0.27416800      0.00285385
      7.70283480      0.27788000      0.00256335      0.27788000      0.00256335
      7.71065494      0.28441500      0.00339233      0.28441500      0.00339233
      7.71847507      0.28859000      0.00461334      0.28859000      0.00461334
      7.72629521      0.29212000      0.00516664      0.29212000      0.00516664
      7.73411535      0.29494300      0.00337570      0.29494300      0.00337570
      7.74193548      0.29983100      0.00369115      0.29983100      0.00369115
      7.74975562      0.30585200      0.00367331      0.30585200      0.00367331
      7.75757576      0.31122200      0.00319911      0.31122200      0.00319911
      7.76539589      0.31739600      0.00325223      0.31739600      0.00325223
      7.77321603      0.31910700      0.00465131      0.31910700      0.00465131
      7.78103617      0.32230200      0.00239391      0.32230200      0.00239391
      7.78885630      0.33199600      0.00311176      0.33199600      0.00311176
      7.79667644      0.33585600      0.00328896      0.33585600      0.00328896
      7.80449658      0.34210900      0.00435885      0.34210900      0.00435885
      7.81231672      0.34539400      0.00280549      0.34539400      0.00280549
      7.82013685      0.35024500      0.00306773      0.35024500      0.00306773
      7.82795699      0.35536700      0.00432038      0.35536700      0.00432038
      7.83577713      0.36118100      0.00445438      0.36118100      0.00445438
      7.84359726      0.36599200      0.00554653      0.36599200      0.00554653
      7.85141740      0.37359700      0.00329181      0.37359700      0.00329181
      7.85923754      0.37992800      0.00311020      0.37992800      0.00311020
      7.86705767      0.38112100      0.00402674      0.38112100      0.00402674
      7.87487781      0.39001600      0.00512627      0.39001600      0.00512627
      7.88269795      0.39628900      0.00305070      0.39628900      0.00305070
      7.89051808      0.40342300      0.00400195      0.40342300      0.00400195
      7.89833822      0.40785000      0.00343963      0.40785000      0.00343963
      7.90615836      0.41498700      0.00558783      0.41498700      0.00558783
      7.91397849      0.42242200      0.00478175      0.42242200      0.00478175
      7.92179863      0.42779900      0.00286751      0.42779900      0.00286751
      7.92961877      0.43576400      0.00337388      0.43576400      0.00337388
      7.93743891      0.44314000      0.00248202      0.44314000      0.00248202
      7.94525904      0.44831300      0.00626917      0.44831300      0.00626917
      7.95307918      0.45648600      0.00322122      0.45648600      0.00322122
      7.96089932      0.46425800      0.00558555      0.46425800      0.00558555
      7.96871945      0.46807500      0.00347198      0.46807500      0.00347198
      7.97653959      0.47867400      0.00423045      0.47867400      0.00423045
      7.98435973      0.48317900      0.00434528      0.48317900      0.00434528
      7.99217986      0.49497800      0.00445786      0.49497800      0.00445786
      8.00000000      0.49676800      0.00667232      0.49676800      0.00667232
 
 
