     1     1    0.000000   -0.506202   -0.506202
     1     2    0.007820   -0.493578   -0.493578
     1     3    0.015640   -0.480965   -0.480965
     1     4    0.023460   -0.475959   -0.475959
     1     5    0.031281   -0.472889   -0.472889
     1     6    0.039101   -0.464709   -0.464709
     1     7    0.046921   -0.454946   -0.454946
     1     8    0.054741   -0.453325   -0.453325
     1     9    0.062561   -0.438040   -0.438040
     1    10    0.070381   -0.440568   -0.440568
     1    11    0.078201   -0.433355   -0.433355
     1    12    0.086022   -0.422229   -0.422229
     1    13    0.093842   -0.413774   -0.413774
     1    14    0.101662   -0.413964   -0.413964
     1    15    0.109482   -0.404083   -0.404083
     1    16    0.117302   -0.399494   -0.399494
     1    17    0.125122   -0.390673   -0.390673
     1    18    0.132942   -0.389684   -0.389684
     1    19    0.140762   -0.384613   -0.384613
     1    20    0.148583   -0.371548   -0.371548
     1    21    0.156403   -0.366711   -0.366711
     1    22    0.164223   -0.361994   -0.361994
     1    23    0.172043   -0.359448   -0.359448
     1    24    0.179863   -0.355149   -0.355149
     1    25    0.187683   -0.347117   -0.347117
     1    26    0.195503   -0.339987   -0.339987
     1    27    0.203324   -0.339219   -0.339219
     1    28    0.211144   -0.327823   -0.327823
     1    29    0.218964   -0.324043   -0.324043
     1    30    0.226784   -0.325205   -0.325205
     1    31    0.234604   -0.317627   -0.317627
     1    32    0.242424   -0.307843   -0.307843
     1    33    0.250244   -0.307651   -0.307651
     1    34    0.258065   -0.300891   -0.300891
     1    35    0.265885   -0.298944   -0.298944
     1    36    0.273705   -0.293038   -0.293038
     1    37    0.281525   -0.291651   -0.291651
     1    38    0.289345   -0.282898   -0.282898
     1    39    0.297165   -0.280499   -0.280499
     1    40    0.304985   -0.273464   -0.273464
     1    41    0.312805   -0.272883   -0.272883
     1    42    0.320626   -0.264490   -0.264490
     1    43    0.328446   -0.262020   -0.262020
     1    44    0.336266   -0.259677   -0.259677
     1    45    0.344086   -0.255447   -0.255447
     1    46    0.351906   -0.253142   -0.253142
     1    47    0.359726   -0.250008   -0.250008
     1    48    0.367546   -0.244679   -0.244679
     1    49    0.375367   -0.241344   -0.241344
     1    50    0.383187   -0.239087   -0.239087
     1    51    0.391007   -0.234748   -0.234748
     1    52    0.398827   -0.229526   -0.229526
     1    53    0.406647   -0.224856   -0.224856
     1    54    0.414467   -0.222377   -0.222377
     1    55    0.422287   -0.220916   -0.220916
     1    56    0.430108   -0.213183   -0.213183
     1    57    0.437928   -0.216739   -0.216739
     1    58    0.445748   -0.210740   -0.210740
     1    59    0.453568   -0.206302   -0.206302
     1    60    0.461388   -0.202635   -0.202635
     1    61    0.469208   -0.203486   -0.203486
     1    62    0.477028   -0.197365   -0.197365
     1    63    0.484848   -0.197115   -0.197115
     1    64    0.492669   -0.193109   -0.193109
     1    65    0.500489   -0.189402   -0.189402
     1    66    0.508309   -0.189623   -0.189623
     1    67    0.516129   -0.185648   -0.185648
     1    68    0.523949   -0.182529   -0.182529
     1    69    0.531769   -0.178922   -0.178922
     1    70    0.539589   -0.176607   -0.176607
     1    71    0.547410   -0.174121   -0.174121
     1    72    0.555230   -0.169515   -0.169515
     1    73    0.563050   -0.169896   -0.169896
     1    74    0.570870   -0.162662   -0.162662
     1    75    0.578690   -0.163677   -0.163677
     1    76    0.586510   -0.164002   -0.164002
     1    77    0.594330   -0.160837   -0.160837
     1    78    0.602151   -0.159195   -0.159195
     1    79    0.609971   -0.155231   -0.155231
     1    80    0.617791   -0.149406   -0.149406
     1    81    0.625611   -0.149516   -0.149516
     1    82    0.633431   -0.147703   -0.147703
     1    83    0.641251   -0.143851   -0.143851
     1    84    0.649071   -0.142428   -0.142428
     1    85    0.656891   -0.139012   -0.139012
     1    86    0.664712   -0.142468   -0.142468
     1    87    0.672532   -0.134277   -0.134277
     1    88    0.680352   -0.137659   -0.137659
     1    89    0.688172   -0.132942   -0.132942
     1    90    0.695992   -0.132382   -0.132382
     1    91    0.703812   -0.132033   -0.132033
     1    92    0.711632   -0.130503   -0.130503
     1    93    0.719453   -0.127516   -0.127516
     1    94    0.727273   -0.124965   -0.124965
     1    95    0.735093   -0.122228   -0.122228
     1    96    0.742913   -0.122664   -0.122664
     1    97    0.750733   -0.117695   -0.117695
     1    98    0.758553   -0.121515   -0.121515
     1    99    0.766373   -0.118168   -0.118168
     1   100    0.774194   -0.115035   -0.115035
     1   101    0.782014   -0.115717   -0.115717
     1   102    0.789834   -0.111540   -0.111540
     1   103    0.797654   -0.109537   -0.109537
     1   104    0.805474   -0.107666   -0.107666
     1   105    0.813294   -0.109076   -0.109076
     1   106    0.821114   -0.106214   -0.106214
     1   107    0.828935   -0.105144   -0.105144
     1   108    0.836755   -0.102385   -0.102385
     1   109    0.844575   -0.105274   -0.105274
     1   110    0.852395   -0.101461   -0.101461
     1   111    0.860215   -0.099166   -0.099166
     1   112    0.868035   -0.096871   -0.096871
     1   113    0.875855   -0.097153   -0.097153
     1   114    0.883675   -0.093649   -0.093649
     1   115    0.891496   -0.092353   -0.092353
     1   116    0.899316   -0.093911   -0.093911
     1   117    0.907136   -0.091210   -0.091210
     1   118    0.914956   -0.088238   -0.088238
     1   119    0.922776   -0.088956   -0.088956
     1   120    0.930596   -0.086517   -0.086517
     1   121    0.938416   -0.087738   -0.087738
     1   122    0.946237   -0.083712   -0.083712
     1   123    0.954057   -0.082394   -0.082394
     1   124    0.961877   -0.080862   -0.080862
     1   125    0.969697   -0.083747   -0.083747
     1   126    0.977517   -0.082721   -0.082721
     1   127    0.985337   -0.077993   -0.077993
     1   128    0.993157   -0.073855   -0.073855
     1   129    1.000978   -0.074929   -0.074929
     1   130    1.008798   -0.073784   -0.073784
     1   131    1.016618   -0.071845   -0.071845
     1   132    1.024438   -0.072397   -0.072397
     1   133    1.032258   -0.071300   -0.071300
     1   134    1.040078   -0.071156   -0.071156
     1   135    1.047898   -0.071538   -0.071538
     1   136    1.055718   -0.069526   -0.069526
     1   137    1.063539   -0.066962   -0.066962
     1   138    1.071359   -0.068913   -0.068913
     1   139    1.079179   -0.067153   -0.067153
     1   140    1.086999   -0.066639   -0.066639
     1   141    1.094819   -0.069186   -0.069186
     1   142    1.102639   -0.064759   -0.064759
     1   143    1.110459   -0.064669   -0.064669
     1   144    1.118280   -0.059868   -0.059868
     1   145    1.126100   -0.063553   -0.063553
     1   146    1.133920   -0.062928   -0.062928
     1   147    1.141740   -0.058416   -0.058416
     1   148    1.149560   -0.060268   -0.060268
     1   149    1.157380   -0.058298   -0.058298
     1   150    1.165200   -0.057213   -0.057213
     1   151    1.173021   -0.061529   -0.061529
     1   152    1.180841   -0.055564   -0.055564
     1   153    1.188661   -0.054881   -0.054881
     1   154    1.196481   -0.054658   -0.054658
     1   155    1.204301   -0.055056   -0.055056
     1   156    1.212121   -0.052570   -0.052570
     1   157    1.219941   -0.055603   -0.055603
     1   158    1.227761   -0.051512   -0.051512
     1   159    1.235582   -0.051515   -0.051515
     1   160    1.243402   -0.053042   -0.053042
     1   161    1.251222   -0.047811   -0.047811
     1   162    1.259042   -0.051300   -0.051300
     1   163    1.266862   -0.049514   -0.049514
     1   164    1.274682   -0.049196   -0.049196
     1   165    1.282502   -0.047869   -0.047869
     1   166    1.290323   -0.043205   -0.043205
     1   167    1.298143   -0.044284   -0.044284
     1   168    1.305963   -0.044858   -0.044858
     1   169    1.313783   -0.043807   -0.043807
     1   170    1.321603   -0.044460   -0.044460
     1   171    1.329423   -0.044939   -0.044939
     1   172    1.337243   -0.041020   -0.041020
     1   173    1.345064   -0.040234   -0.040234
     1   174    1.352884   -0.040637   -0.040637
     1   175    1.360704   -0.042300   -0.042300
     1   176    1.368524   -0.039503   -0.039503
     1   177    1.376344   -0.043118   -0.043118
     1   178    1.384164   -0.040355   -0.040355
     1   179    1.391984   -0.042329   -0.042329
     1   180    1.399804   -0.036820   -0.036820
     1   181    1.407625   -0.039364   -0.039364
     1   182    1.415445   -0.037151   -0.037151
     1   183    1.423265   -0.038892   -0.038892
     1   184    1.431085   -0.035453   -0.035453
     1   185    1.438905   -0.036026   -0.036026
     1   186    1.446725   -0.034653   -0.034653
     1   187    1.454545   -0.032336   -0.032336
     1   188    1.462366   -0.033300   -0.033300
     1   189    1.470186   -0.033713   -0.033713
     1   190    1.478006   -0.033209   -0.033209
     1   191    1.485826   -0.037749   -0.037749
     1   192    1.493646   -0.035514   -0.035514
     1   193    1.501466   -0.035050   -0.035050
     1   194    1.509286   -0.030884   -0.030884
     1   195    1.517107   -0.033172   -0.033172
     1   196    1.524927   -0.030074   -0.030074
     1   197    1.532747   -0.029879   -0.029879
     1   198    1.540567   -0.029413   -0.029413
     1   199    1.548387   -0.031813   -0.031813
     1   200    1.556207   -0.028657   -0.028657
     1   201    1.564027   -0.031861   -0.031861
     1   202    1.571848   -0.029025   -0.029025
     1   203    1.579668   -0.028459   -0.028459
     1   204    1.587488   -0.030107   -0.030107
     1   205    1.595308   -0.032078   -0.032078
     1   206    1.603128   -0.029044   -0.029044
     1   207    1.610948   -0.029275   -0.029275
     1   208    1.618768   -0.026142   -0.026142
     1   209    1.626588   -0.025111   -0.025111
     1   210    1.634409   -0.027377   -0.027377
     1   211    1.642229   -0.026363   -0.026363
     1   212    1.650049   -0.028513   -0.028513
     1   213    1.657869   -0.025008   -0.025008
     1   214    1.665689   -0.025228   -0.025228
     1   215    1.673509   -0.024357   -0.024357
     1   216    1.681329   -0.026850   -0.026850
     1   217    1.689150   -0.026322   -0.026322
     1   218    1.696970   -0.025510   -0.025510
     1   219    1.704790   -0.021787   -0.021787
     1   220    1.712610   -0.021708   -0.021708
     1   221    1.720430   -0.024077   -0.024077
     1   222    1.728250   -0.024317   -0.024317
     1   223    1.736070   -0.022632   -0.022632
     1   224    1.743891   -0.022548   -0.022548
     1   225    1.751711   -0.018626   -0.018626
     1   226    1.759531   -0.021343   -0.021343
     1   227    1.767351   -0.022471   -0.022471
     1   228    1.775171   -0.021904   -0.021904
     1   229    1.782991   -0.020437   -0.020437
     1   230    1.790811   -0.018663   -0.018663
     1   231    1.798631   -0.020982   -0.020982
     1   232    1.806452   -0.018804   -0.018804
     1   233    1.814272   -0.017951   -0.017951
     1   234    1.822092   -0.020264   -0.020264
     1   235    1.829912   -0.022303   -0.022303
     1   236    1.837732   -0.019125   -0.019125
     1   237    1.845552   -0.017505   -0.017505
     1   238    1.853372   -0.019758   -0.019758
     1   239    1.861193   -0.020563   -0.020563
     1   240    1.869013   -0.017064   -0.017064
     1   241    1.876833   -0.020046   -0.020046
     1   242    1.884653   -0.017309   -0.017309
     1   243    1.892473   -0.014245   -0.014245
     1   244    1.900293   -0.015505   -0.015505
     1   245    1.908113   -0.018038   -0.018038
     1   246    1.915934   -0.015463   -0.015463
     1   247    1.923754   -0.015225   -0.015225
     1   248    1.931574   -0.017388   -0.017388
     1   249    1.939394   -0.015577   -0.015577
     1   250    1.947214   -0.017511   -0.017511
     1   251    1.955034   -0.012705   -0.012705
     1   252    1.962854   -0.016371   -0.016371
     1   253    1.970674   -0.015297   -0.015297
     1   254    1.978495   -0.014658   -0.014658
     1   255    1.986315   -0.016138   -0.016138
     1   256    1.994135   -0.014930   -0.014930
     1   257    2.001955   -0.017901   -0.017901
     1   258    2.009775   -0.014284   -0.014284
     1   259    2.017595   -0.012458   -0.012458
     1   260    2.025415   -0.015549   -0.015549
     1   261    2.033236   -0.012844   -0.012844
     1   262    2.041056   -0.013736   -0.013736
     1   263    2.048876   -0.012522   -0.012522
     1   264    2.056696   -0.013645   -0.013645
     1   265    2.064516   -0.016277   -0.016277
     1   266    2.072336   -0.013590   -0.013590
     1   267    2.080156   -0.013108   -0.013108
     1   268    2.087977   -0.015963   -0.015963
     1   269    2.095797   -0.013120   -0.013120
     1   270    2.103617   -0.014368   -0.014368
     1   271    2.111437   -0.015304   -0.015304
     1   272    2.119257   -0.009678   -0.009678
     1   273    2.127077   -0.013251   -0.013251
     1   274    2.134897   -0.010835   -0.010835
     1   275    2.142717   -0.014532   -0.014532
     1   276    2.150538   -0.011679   -0.011679
     1   277    2.158358   -0.013023   -0.013023
     1   278    2.166178   -0.011852   -0.011852
     1   279    2.173998   -0.009864   -0.009864
     1   280    2.181818   -0.014358   -0.014358
     1   281    2.189638   -0.013352   -0.013352
     1   282    2.197458   -0.014396   -0.014396
     1   283    2.205279   -0.011528   -0.011528
     1   284    2.213099   -0.008765   -0.008765
     1   285    2.220919   -0.010199   -0.010199
     1   286    2.228739   -0.012561   -0.012561
     1   287    2.236559   -0.010211   -0.010211
     1   288    2.244379   -0.009261   -0.009261
     1   289    2.252199   -0.007445   -0.007445
     1   290    2.260020   -0.011441   -0.011441
     1   291    2.267840   -0.010384   -0.010384
     1   292    2.275660   -0.007901   -0.007901
     1   293    2.283480   -0.010099   -0.010099
     1   294    2.291300   -0.011559   -0.011559
     1   295    2.299120   -0.010410   -0.010410
     1   296    2.306940   -0.010882   -0.010882
     1   297    2.314761   -0.009364   -0.009364
     1   298    2.322581   -0.010263   -0.010263
     1   299    2.330401   -0.009185   -0.009185
     1   300    2.338221   -0.009069   -0.009069
     1   301    2.346041   -0.012071   -0.012071
     1   302    2.353861   -0.010543   -0.010543
     1   303    2.361681   -0.008257   -0.008257
     1   304    2.369501   -0.007855   -0.007855
     1   305    2.377322   -0.006374   -0.006374
     1   306    2.385142   -0.007773   -0.007773
     1   307    2.392962   -0.007600   -0.007600
     1   308    2.400782   -0.007496   -0.007496
     1   309    2.408602   -0.007060   -0.007060
     1   310    2.416422   -0.009422   -0.009422
     1   311    2.424242   -0.006450   -0.006450
     1   312    2.432063   -0.006999   -0.006999
     1   313    2.439883   -0.008262   -0.008262
     1   314    2.447703   -0.006362   -0.006362
     1   315    2.455523   -0.007611   -0.007611
     1   316    2.463343   -0.007127   -0.007127
     1   317    2.471163   -0.008752   -0.008752
     1   318    2.478983   -0.009151   -0.009151
     1   319    2.486804   -0.005895   -0.005895
     1   320    2.494624   -0.008714   -0.008714
     1   321    2.502444   -0.005482   -0.005482
     1   322    2.510264   -0.006268   -0.006268
     1   323    2.518084   -0.007344   -0.007344
     1   324    2.525904   -0.006602   -0.006602
     1   325    2.533724   -0.006776   -0.006776
     1   326    2.541544   -0.006232   -0.006232
     1   327    2.549365   -0.004961   -0.004961
     1   328    2.557185   -0.005299   -0.005299
     1   329    2.565005   -0.006162   -0.006162
     1   330    2.572825   -0.004301   -0.004301
     1   331    2.580645   -0.007548   -0.007548
     1   332    2.588465   -0.007410   -0.007410
     1   333    2.596285   -0.006268   -0.006268
     1   334    2.604106   -0.007973   -0.007973
     1   335    2.611926   -0.008107   -0.008107
     1   336    2.619746   -0.006430   -0.006430
     1   337    2.627566   -0.008113   -0.008113
     1   338    2.635386   -0.003923   -0.003923
     1   339    2.643206   -0.003817   -0.003817
     1   340    2.651026   -0.005087   -0.005087
     1   341    2.658847   -0.007811   -0.007811
     1   342    2.666667   -0.004410   -0.004410
     1   343    2.674487   -0.005264   -0.005264
     1   344    2.682307   -0.004580   -0.004580
     1   345    2.690127   -0.006585   -0.006585
     1   346    2.697947   -0.004572   -0.004572
     1   347    2.705767   -0.006872   -0.006872
     1   348    2.713587   -0.004009   -0.004009
     1   349    2.721408   -0.006081   -0.006081
     1   350    2.729228   -0.006354   -0.006354
     1   351    2.737048   -0.004659   -0.004659
     1   352    2.744868   -0.004679   -0.004679
     1   353    2.752688   -0.005332   -0.005332
     1   354    2.760508   -0.004419   -0.004419
     1   355    2.768328   -0.005702   -0.005702
     1   356    2.776149   -0.003978   -0.003978
     1   357    2.783969   -0.003163   -0.003163
     1   358    2.791789   -0.005008   -0.005008
     1   359    2.799609   -0.009677   -0.009677
     1   360    2.807429   -0.004868   -0.004868
     1   361    2.815249   -0.006523   -0.006523
     1   362    2.823069   -0.004509   -0.004509
     1   363    2.830890   -0.003085   -0.003085
     1   364    2.838710   -0.004683   -0.004683
     1   365    2.846530   -0.004599   -0.004599
     1   366    2.854350   -0.005474   -0.005474
     1   367    2.862170   -0.004669   -0.004669
     1   368    2.869990   -0.002986   -0.002986
     1   369    2.877810   -0.003044   -0.003044
     1   370    2.885630   -0.004435   -0.004435
     1   371    2.893451   -0.004480   -0.004480
     1   372    2.901271   -0.005166   -0.005166
     1   373    2.909091   -0.005713   -0.005713
     1   374    2.916911   -0.004220   -0.004220
     1   375    2.924731   -0.004918   -0.004918
     1   376    2.932551   -0.003803   -0.003803
     1   377    2.940371   -0.005158   -0.005158
     1   378    2.948192   -0.005984   -0.005984
     1   379    2.956012   -0.003269   -0.003269
     1   380    2.963832   -0.003351   -0.003351
     1   381    2.971652   -0.002771   -0.002771
     1   382    2.979472   -0.004631   -0.004631
     1   383    2.987292   -0.005330   -0.005330
     1   384    2.995112   -0.001776   -0.001776
     1   385    3.002933   -0.003299   -0.003299
     1   386    3.010753   -0.003788   -0.003788
     1   387    3.018573   -0.004748   -0.004748
     1   388    3.026393   -0.003927   -0.003927
     1   389    3.034213   -0.002853   -0.002853
     1   390    3.042033   -0.003238   -0.003238
     1   391    3.049853   -0.003315   -0.003315
     1   392    3.057674   -0.004733   -0.004733
     1   393    3.065494   -0.004511   -0.004511
     1   394    3.073314   -0.004144   -0.004144
     1   395    3.081134   -0.002500   -0.002500
     1   396    3.088954   -0.002578   -0.002578
     1   397    3.096774   -0.003792   -0.003792
     1   398    3.104594   -0.003613   -0.003613
     1   399    3.112414   -0.003538   -0.003538
     1   400    3.120235   -0.001550   -0.001550
     1   401    3.128055   -0.003107   -0.003107
     1   402    3.135875   -0.004511   -0.004511
     1   403    3.143695   -0.004002   -0.004002
     1   404    3.151515   -0.002396   -0.002396
     1   405    3.159335   -0.004430   -0.004430
     1   406    3.167155   -0.003098   -0.003098
     1   407    3.174976   -0.003274   -0.003274
     1   408    3.182796   -0.003353   -0.003353
     1   409    3.190616   -0.002405   -0.002405
     1   410    3.198436   -0.006508   -0.006508
     1   411    3.206256   -0.003335   -0.003335
     1   412    3.214076   -0.001980   -0.001980
     1   413    3.221896   -0.002886   -0.002886
     1   414    3.229717   -0.002850   -0.002850
     1   415    3.237537   -0.001434   -0.001434
     1   416    3.245357   -0.002781   -0.002781
     1   417    3.253177   -0.003034   -0.003034
     1   418    3.260997   -0.003776   -0.003776
     1   419    3.268817   -0.004956   -0.004956
     1   420    3.276637   -0.002151   -0.002151
     1   421    3.284457   -0.003330   -0.003330
     1   422    3.292278   -0.001446   -0.001446
     1   423    3.300098   -0.001876   -0.001876
     1   424    3.307918   -0.003517   -0.003517
     1   425    3.315738   -0.001538   -0.001538
     1   426    3.323558   -0.002949   -0.002949
     1   427    3.331378   -0.001672   -0.001672
     1   428    3.339198   -0.002605   -0.002605
     1   429    3.347019   -0.001988   -0.001988
     1   430    3.354839   -0.002362   -0.002362
     1   431    3.362659   -0.001463   -0.001463
     1   432    3.370479   -0.003321   -0.003321
     1   433    3.378299   -0.002637   -0.002637
     1   434    3.386119   -0.004597   -0.004597
     1   435    3.393939   -0.001012   -0.001012
     1   436    3.401760   -0.002603   -0.002603
     1   437    3.409580   -0.001643   -0.001643
     1   438    3.417400   -0.001267   -0.001267
     1   439    3.425220   -0.001139   -0.001139
     1   440    3.433040   -0.002639   -0.002639
     1   441    3.440860   -0.003564   -0.003564
     1   442    3.448680   -0.006244   -0.006244
     1   443    3.456500   -0.004687   -0.004687
     1   444    3.464321   -0.000987   -0.000987
     1   445    3.472141   -0.000737   -0.000737
     1   446    3.479961   -0.003832   -0.003832
     1   447    3.487781   -0.001190   -0.001190
     1   448    3.495601   -0.004146   -0.004146
     1   449    3.503421   -0.002093   -0.002093
     1   450    3.511241   -0.001315   -0.001315
     1   451    3.519062   -0.001958   -0.001958
     1   452    3.526882   -0.004843   -0.004843
     1   453    3.534702   -0.001194   -0.001194
     1   454    3.542522   -0.000902   -0.000902
     1   455    3.550342   -0.001546   -0.001546
     1   456    3.558162   -0.000803   -0.000803
     1   457    3.565982   -0.004125   -0.004125
     1   458    3.573803   -0.002195   -0.002195
     1   459    3.581623   -0.000991   -0.000991
     1   460    3.589443   -0.002586   -0.002586
     1   461    3.597263   -0.000982   -0.000982
     1   462    3.605083   -0.000342   -0.000342
     1   463    3.612903   -0.000741   -0.000741
     1   464    3.620723   -0.004599   -0.004599
     1   465    3.628543   -0.002605   -0.002605
     1   466    3.636364   -0.001092   -0.001092
     1   467    3.644184   -0.000735   -0.000735
     1   468    3.652004   -0.000649   -0.000649
     1   469    3.659824   -0.001139   -0.001139
     1   470    3.667644   -0.005304   -0.005304
     1   471    3.675464   -0.000672   -0.000672
     1   472    3.683284   -0.001685   -0.001685
     1   473    3.691105   -0.000935   -0.000935
     1   474    3.698925   -0.001214   -0.001214
     1   475    3.706745   -0.000890   -0.000890
     1   476    3.714565   -0.001860   -0.001860
     1   477    3.722385   -0.002146   -0.002146
     1   478    3.730205   -0.002736   -0.002736
     1   479    3.738025   -0.000882   -0.000882
     1   480    3.745846   -0.001324   -0.001324
     1   481    3.753666   -0.001864   -0.001864
     1   482    3.761486   -0.002828   -0.002828
     1   483    3.769306   -0.007481   -0.007481
     1   484    3.777126   -0.000359   -0.000359
     1   485    3.784946   -0.001433   -0.001433
     1   486    3.792766   -0.000650   -0.000650
     1   487    3.800587   -0.000872   -0.000872
     1   488    3.808407   -0.001562   -0.001562
     1   489    3.816227   -0.002283   -0.002283
     1   490    3.824047   -0.000917   -0.000917
     1   491    3.831867   -0.001515   -0.001515
     1   492    3.839687   -0.002904   -0.002904
     1   493    3.847507   -0.000900   -0.000900
     1   494    3.855327   -0.000595   -0.000595
     1   495    3.863148   -0.001939   -0.001939
     1   496    3.870968   -0.003933   -0.003933
     1   497    3.878788   -0.002605   -0.002605
     1   498    3.886608   -0.000624   -0.000624
     1   499    3.894428   -0.000552   -0.000552
     1   500    3.902248   -0.001205   -0.001205
     1   501    3.910068   -0.000525   -0.000525
     1   502    3.917889   -0.000469   -0.000469
     1   503    3.925709   -0.000988   -0.000988
     1   504    3.933529   -0.003110   -0.003110
     1   505    3.941349   -0.004462   -0.004462
     1   506    3.949169   -0.000495   -0.000495
     1   507    3.956989   -0.000423   -0.000423
     1   508    3.964809   -0.000362   -0.000362
     1   509    3.972630   -0.002218   -0.002218
     1   510    3.980450   -0.001378   -0.001378
     1   511    3.988270   -0.001641   -0.001641
     1   512    3.996090   -0.002116   -0.002116
     1   513    4.003910   -0.001384   -0.001384
     1   514    4.011730   -0.007301   -0.007301
     1   515    4.019550   -0.001779   -0.001779
     1   516    4.027370   -0.001907   -0.001907
     1   517    4.035191   -0.002207   -0.002207
     1   518    4.043011   -0.001549   -0.001549
     1   519    4.050831   -0.005423   -0.005423
     1   520    4.058651   -0.000432   -0.000432
     1   521    4.066471   -0.001087   -0.001087
     1   522    4.074291   -0.002061   -0.002061
     1   523    4.082111   -0.000424   -0.000424
     1   524    4.089932   -0.004927   -0.004927
     1   525    4.097752   -0.000923   -0.000923
     1   526    4.105572   -0.002409   -0.002409
     1   527    4.113392   -0.000762   -0.000762
     1   528    4.121212   -0.002717   -0.002717
     1   529    4.129032   -0.001130   -0.001130
     1   530    4.136852   -0.001449   -0.001449
     1   531    4.144673   -0.003114   -0.003114
     1   532    4.152493   -0.001504   -0.001504
     1   533    4.160313   -0.005404   -0.005404
     1   534    4.168133   -0.003234   -0.003234
     1   535    4.175953   -0.001338   -0.001338
     1   536    4.183773   -0.002247   -0.002247
     1   537    4.191593   -0.000573   -0.000573
     1   538    4.199413   -0.001295   -0.001295
     1   539    4.207234   -0.001760   -0.001760
     1   540    4.215054   -0.004588   -0.004588
     1   541    4.222874   -0.001905   -0.001905
     1   542    4.230694   -0.002257   -0.002257
     1   543    4.238514   -0.001557   -0.001557
     1   544    4.246334   -0.004524   -0.004524
     1   545    4.254154   -0.001443   -0.001443
     1   546    4.261975   -0.001976   -0.001976
     1   547    4.269795   -0.002677   -0.002677
     1   548    4.277615   -0.003846   -0.003846
     1   549    4.285435   -0.002220   -0.002220
     1   550    4.293255   -0.001209   -0.001209
     1   551    4.301075   -0.002480   -0.002480
     1   552    4.308895   -0.003285   -0.003285
     1   553    4.316716   -0.003740   -0.003740
     1   554    4.324536   -0.001625   -0.001625
     1   555    4.332356   -0.000548   -0.000548
     1   556    4.340176   -0.001744   -0.001744
     1   557    4.347996   -0.001881   -0.001881
     1   558    4.355816   -0.005458   -0.005458
     1   559    4.363636   -0.000787   -0.000787
     1   560    4.371457   -0.001766   -0.001766
     1   561    4.379277   -0.002764   -0.002764
     1   562    4.387097   -0.002695   -0.002695
     1   563    4.394917   -0.003675   -0.003675
     1   564    4.402737   -0.003315   -0.003315
     1   565    4.410557   -0.000800   -0.000800
     1   566    4.418377   -0.002220   -0.002220
     1   567    4.426197   -0.001331   -0.001331
     1   568    4.434018   -0.004286   -0.004286
     1   569    4.441838   -0.001883   -0.001883
     1   570    4.449658   -0.004280   -0.004280
     1   571    4.457478   -0.001269   -0.001269
     1   572    4.465298   -0.001389   -0.001389
     1   573    4.473118   -0.003656   -0.003656
     1   574    4.480938   -0.001378   -0.001378
     1   575    4.488759   -0.001379   -0.001379
     1   576    4.496579   -0.002738   -0.002738
     1   577    4.504399   -0.002542   -0.002542
     1   578    4.512219   -0.004868   -0.004868
     1   579    4.520039   -0.002584   -0.002584
     1   580    4.527859   -0.001687   -0.001687
     1   581    4.535679   -0.002065   -0.002065
     1   582    4.543500   -0.004367   -0.004367
     1   583    4.551320   -0.000747   -0.000747
     1   584    4.559140   -0.001154   -0.001154
     1   585    4.566960   -0.002616   -0.002616
     1   586    4.574780   -0.003104   -0.003104
     1   587    4.582600   -0.001289   -0.001289
     1   588    4.590420   -0.002972   -0.002972
     1   589    4.598240   -0.003489   -0.003489
     1   590    4.606061   -0.000586   -0.000586
     1   591    4.613881   -0.001868   -0.001868
     1   592    4.621701   -0.002227   -0.002227
     1   593    4.629521   -0.000398   -0.000398
     1   594    4.637341   -0.002941   -0.002941
     1   595    4.645161   -0.001330   -0.001330
     1   596    4.652981   -0.004508   -0.004508
     1   597    4.660802   -0.000800   -0.000800
     1   598    4.668622   -0.005944   -0.005944
     1   599    4.676442   -0.004484   -0.004484
     1   600    4.684262   -0.002110   -0.002110
     1   601    4.692082   -0.001353   -0.001353
     1   602    4.699902   -0.001957   -0.001957
     1   603    4.707722   -0.002665   -0.002665
     1   604    4.715543   -0.004037   -0.004037
     1   605    4.723363   -0.002510   -0.002510
     1   606    4.731183   -0.000785   -0.000785
     1   607    4.739003   -0.004675   -0.004675
     1   608    4.746823   -0.000890   -0.000890
     1   609    4.754643   -0.001572   -0.001572
     1   610    4.762463   -0.001060   -0.001060
     1   611    4.770283   -0.001544   -0.001544
     1   612    4.778104   -0.002373   -0.002373
     1   613    4.785924   -0.002884   -0.002884
     1   614    4.793744   -0.002267   -0.002267
     1   615    4.801564   -0.001721   -0.001721
     1   616    4.809384   -0.001772   -0.001772
     1   617    4.817204   -0.002808   -0.002808
     1   618    4.825024   -0.005707   -0.005707
     1   619    4.832845   -0.003031   -0.003031
     1   620    4.840665   -0.006152   -0.006152
     1   621    4.848485   -0.002346   -0.002346
     1   622    4.856305   -0.003108   -0.003108
     1   623    4.864125   -0.002779   -0.002779
     1   624    4.871945   -0.005066   -0.005066
     1   625    4.879765   -0.004302   -0.004302
     1   626    4.887586   -0.003097   -0.003097
     1   627    4.895406   -0.002670   -0.002670
     1   628    4.903226   -0.002630   -0.002630
     1   629    4.911046   -0.000805   -0.000805
     1   630    4.918866   -0.002533   -0.002533
     1   631    4.926686   -0.001221   -0.001221
     1   632    4.934506   -0.001792   -0.001792
     1   633    4.942326   -0.002986   -0.002986
     1   634    4.950147   -0.004441   -0.004441
     1   635    4.957967   -0.003334   -0.003334
     1   636    4.965787   -0.003480   -0.003480
     1   637    4.973607   -0.002841   -0.002841
     1   638    4.981427   -0.002320   -0.002320
     1   639    4.989247   -0.001454   -0.001454
     1   640    4.997067   -0.004363   -0.004363
     1   641    5.004888   -0.002748   -0.002748
     1   642    5.012708   -0.002771   -0.002771
     1   643    5.020528   -0.003304   -0.003304
     1   644    5.028348   -0.002818   -0.002818
     1   645    5.036168   -0.003162   -0.003162
     1   646    5.043988   -0.006825   -0.006825
     1   647    5.051808   -0.002066   -0.002066
     1   648    5.059629   -0.006249   -0.006249
     1   649    5.067449   -0.002984   -0.002984
     1   650    5.075269   -0.005289   -0.005289
     1   651    5.083089   -0.003119   -0.003119
     1   652    5.090909   -0.003892   -0.003892
     1   653    5.098729   -0.002310   -0.002310
     1   654    5.106549   -0.001465   -0.001465
     1   655    5.114370   -0.003458   -0.003458
     1   656    5.122190   -0.004854   -0.004854
     1   657    5.130010   -0.003448   -0.003448
     1   658    5.137830   -0.004296   -0.004296
     1   659    5.145650   -0.007122   -0.007122
     1   660    5.153470   -0.002048   -0.002048
     1   661    5.161290   -0.005788   -0.005788
     1   662    5.169110   -0.002766   -0.002766
     1   663    5.176931   -0.003200   -0.003200
     1   664    5.184751   -0.006249   -0.006249
     1   665    5.192571   -0.003790   -0.003790
     1   666    5.200391   -0.005503   -0.005503
     1   667    5.208211   -0.005588   -0.005588
     1   668    5.216031   -0.002390   -0.002390
     1   669    5.223851   -0.006975   -0.006975
     1   670    5.231672   -0.003325   -0.003325
     1   671    5.239492   -0.004621   -0.004621
     1   672    5.247312   -0.005724   -0.005724
     1   673    5.255132   -0.004706   -0.004706
     1   674    5.262952   -0.002647   -0.002647
     1   675    5.270772   -0.005978   -0.005978
     1   676    5.278592   -0.006930   -0.006930
     1   677    5.286413   -0.004439   -0.004439
     1   678    5.294233   -0.005667   -0.005667
     1   679    5.302053   -0.004920   -0.004920
     1   680    5.309873   -0.004534   -0.004534
     1   681    5.317693   -0.005474   -0.005474
     1   682    5.325513   -0.004394   -0.004394
     1   683    5.333333   -0.007741   -0.007741
     1   684    5.341153   -0.008002   -0.008002
     1   685    5.348974   -0.007545   -0.007545
     1   686    5.356794   -0.005469   -0.005469
     1   687    5.364614   -0.004722   -0.004722
     1   688    5.372434   -0.006614   -0.006614
     1   689    5.380254   -0.006108   -0.006108
     1   690    5.388074   -0.005959   -0.005959
     1   691    5.395894   -0.007059   -0.007059
     1   692    5.403715   -0.007437   -0.007437
     1   693    5.411535   -0.010947   -0.010947
     1   694    5.419355   -0.004202   -0.004202
     1   695    5.427175   -0.006418   -0.006418
     1   696    5.434995   -0.004961   -0.004961
     1   697    5.442815   -0.006250   -0.006250
     1   698    5.450635   -0.006251   -0.006251
     1   699    5.458456   -0.007698   -0.007698
     1   700    5.466276   -0.004051   -0.004051
     1   701    5.474096   -0.009659   -0.009659
     1   702    5.481916   -0.005094   -0.005094
     1   703    5.489736   -0.006086   -0.006086
     1   704    5.497556   -0.007552   -0.007552
     1   705    5.505376   -0.008271   -0.008271
     1   706    5.513196   -0.008004   -0.008004
     1   707    5.521017   -0.007906   -0.007906
     1   708    5.528837   -0.007220   -0.007220
     1   709    5.536657   -0.008894   -0.008894
     1   710    5.544477   -0.009093   -0.009093
     1   711    5.552297   -0.009748   -0.009748
     1   712    5.560117   -0.007232   -0.007232
     1   713    5.567937   -0.007031   -0.007031
     1   714    5.575758   -0.007330   -0.007330
     1   715    5.583578   -0.008303   -0.008303
     1   716    5.591398   -0.007408   -0.007408
     1   717    5.599218   -0.005928   -0.005928
     1   718    5.607038   -0.005989   -0.005989
     1   719    5.614858   -0.006616   -0.006616
     1   720    5.622678   -0.008902   -0.008902
     1   721    5.630499   -0.007937   -0.007937
     1   722    5.638319   -0.011374   -0.011374
     1   723    5.646139   -0.007853   -0.007853
     1   724    5.653959   -0.008254   -0.008254
     1   725    5.661779   -0.010817   -0.010817
     1   726    5.669599   -0.009714   -0.009714
     1   727    5.677419   -0.009769   -0.009769
     1   728    5.685239   -0.006158   -0.006158
     1   729    5.693060   -0.009261   -0.009261
     1   730    5.700880   -0.009349   -0.009349
     1   731    5.708700   -0.009697   -0.009697
     1   732    5.716520   -0.009122   -0.009122
     1   733    5.724340   -0.008766   -0.008766
     1   734    5.732160   -0.009794   -0.009794
     1   735    5.739980   -0.008470   -0.008470
     1   736    5.747801   -0.010103   -0.010103
     1   737    5.755621   -0.011280   -0.011280
     1   738    5.763441   -0.010699   -0.010699
     1   739    5.771261   -0.011143   -0.011143
     1   740    5.779081   -0.009356   -0.009356
     1   741    5.786901   -0.010814   -0.010814
     1   742    5.794721   -0.011651   -0.011651
     1   743    5.802542   -0.011488   -0.011488
     1   744    5.810362   -0.010569   -0.010569
     1   745    5.818182   -0.010418   -0.010418
     1   746    5.826002   -0.009889   -0.009889
     1   747    5.833822   -0.009296   -0.009296
     1   748    5.841642   -0.011344   -0.011344
     1   749    5.849462   -0.011171   -0.011171
     1   750    5.857283   -0.010627   -0.010627
     1   751    5.865103   -0.010775   -0.010775
     1   752    5.872923   -0.012005   -0.012005
     1   753    5.880743   -0.012560   -0.012560
     1   754    5.888563   -0.014265   -0.014265
     1   755    5.896383   -0.011481   -0.011481
     1   756    5.904203   -0.012059   -0.012059
     1   757    5.912023   -0.013188   -0.013188
     1   758    5.919844   -0.014154   -0.014154
     1   759    5.927664   -0.013304   -0.013304
     1   760    5.935484   -0.012042   -0.012042
     1   761    5.943304   -0.014398   -0.014398
     1   762    5.951124   -0.012757   -0.012757
     1   763    5.958944   -0.013514   -0.013514
     1   764    5.966764   -0.014130   -0.014130
     1   765    5.974585   -0.015590   -0.015590
     1   766    5.982405   -0.014510   -0.014510
     1   767    5.990225   -0.015113   -0.015113
     1   768    5.998045   -0.015279   -0.015279
     1   769    6.005865   -0.015006   -0.015006
     1   770    6.013685   -0.011963   -0.011963
     1   771    6.021505   -0.013963   -0.013963
     1   772    6.029326   -0.014281   -0.014281
     1   773    6.037146   -0.016312   -0.016312
     1   774    6.044966   -0.014320   -0.014320
     1   775    6.052786   -0.016105   -0.016105
     1   776    6.060606   -0.017291   -0.017291
     1   777    6.068426   -0.016796   -0.016796
     1   778    6.076246   -0.016356   -0.016356
     1   779    6.084066   -0.016389   -0.016389
     1   780    6.091887   -0.016445   -0.016445
     1   781    6.099707   -0.014548   -0.014548
     1   782    6.107527   -0.016815   -0.016815
     1   783    6.115347   -0.018183   -0.018183
     1   784    6.123167   -0.019584   -0.019584
     1   785    6.130987   -0.020136   -0.020136
     1   786    6.138807   -0.020512   -0.020512
     1   787    6.146628   -0.020502   -0.020502
     1   788    6.154448   -0.019773   -0.019773
     1   789    6.162268   -0.017537   -0.017537
     1   790    6.170088   -0.017519   -0.017519
     1   791    6.177908   -0.019775   -0.019775
     1   792    6.185728   -0.021399   -0.021399
     1   793    6.193548   -0.020398   -0.020398
     1   794    6.201369   -0.020575   -0.020575
     1   795    6.209189   -0.019636   -0.019636
     1   796    6.217009   -0.023215   -0.023215
     1   797    6.224829   -0.019767   -0.019767
     1   798    6.232649   -0.018622   -0.018622
     1   799    6.240469   -0.018830   -0.018830
     1   800    6.248289   -0.022060   -0.022060
     1   801    6.256109   -0.022388   -0.022388
     1   802    6.263930   -0.022879   -0.022879
     1   803    6.271750   -0.019382   -0.019382
     1   804    6.279570   -0.023546   -0.023546
     1   805    6.287390   -0.022645   -0.022645
     1   806    6.295210   -0.022555   -0.022555
     1   807    6.303030   -0.020668   -0.020668
     1   808    6.310850   -0.023436   -0.023436
     1   809    6.318671   -0.023177   -0.023177
     1   810    6.326491   -0.023663   -0.023663
     1   811    6.334311   -0.022480   -0.022480
     1   812    6.342131   -0.022454   -0.022454
     1   813    6.349951   -0.024628   -0.024628
     1   814    6.357771   -0.028756   -0.028756
     1   815    6.365591   -0.022849   -0.022849
     1   816    6.373412   -0.027372   -0.027372
     1   817    6.381232   -0.026398   -0.026398
     1   818    6.389052   -0.025966   -0.025966
     1   819    6.396872   -0.028412   -0.028412
     1   820    6.404692   -0.029318   -0.029318
     1   821    6.412512   -0.027725   -0.027725
     1   822    6.420332   -0.028845   -0.028845
     1   823    6.428152   -0.028893   -0.028893
     1   824    6.435973   -0.028616   -0.028616
     1   825    6.443793   -0.029435   -0.029435
     1   826    6.451613   -0.032176   -0.032176
     1   827    6.459433   -0.029635   -0.029635
     1   828    6.467253   -0.031317   -0.031317
     1   829    6.475073   -0.032319   -0.032319
     1   830    6.482893   -0.028598   -0.028598
     1   831    6.490714   -0.033731   -0.033731
     1   832    6.498534   -0.034852   -0.034852
     1   833    6.506354   -0.032354   -0.032354
     1   834    6.514174   -0.034284   -0.034284
     1   835    6.521994   -0.033219   -0.033219
     1   836    6.529814   -0.034406   -0.034406
     1   837    6.537634   -0.035452   -0.035452
     1   838    6.545455   -0.039386   -0.039386
     1   839    6.553275   -0.033637   -0.033637
     1   840    6.561095   -0.036132   -0.036132
     1   841    6.568915   -0.036998   -0.036998
     1   842    6.576735   -0.037879   -0.037879
     1   843    6.584555   -0.039850   -0.039850
     1   844    6.592375   -0.035209   -0.035209
     1   845    6.600196   -0.039538   -0.039538
     1   846    6.608016   -0.039984   -0.039984
     1   847    6.615836   -0.038936   -0.038936
     1   848    6.623656   -0.041666   -0.041666
     1   849    6.631476   -0.039889   -0.039889
     1   850    6.639296   -0.040362   -0.040362
     1   851    6.647116   -0.040221   -0.040221
     1   852    6.654936   -0.041935   -0.041935
     1   853    6.662757   -0.044382   -0.044382
     1   854    6.670577   -0.042492   -0.042492
     1   855    6.678397   -0.042700   -0.042700
     1   856    6.686217   -0.047719   -0.047719
     1   857    6.694037   -0.047691   -0.047691
     1   858    6.701857   -0.048138   -0.048138
     1   859    6.709677   -0.046627   -0.046627
     1   860    6.717498   -0.045825   -0.045825
     1   861    6.725318   -0.047652   -0.047652
     1   862    6.733138   -0.050765   -0.050765
     1   863    6.740958   -0.048838   -0.048838
     1   864    6.748778   -0.048301   -0.048301
     1   865    6.756598   -0.050106   -0.050106
     1   866    6.764418   -0.052600   -0.052600
     1   867    6.772239   -0.053840   -0.053840
     1   868    6.780059   -0.052682   -0.052682
     1   869    6.787879   -0.054595   -0.054595
     1   870    6.795699   -0.054035   -0.054035
     1   871    6.803519   -0.052841   -0.052841
     1   872    6.811339   -0.053916   -0.053916
     1   873    6.819159   -0.055560   -0.055560
     1   874    6.826979   -0.056835   -0.056835
     1   875    6.834800   -0.056794   -0.056794
     1   876    6.842620   -0.056837   -0.056837
     1   877    6.850440   -0.059629   -0.059629
     1   878    6.858260   -0.063384   -0.063384
     1   879    6.866080   -0.062930   -0.062930
     1   880    6.873900   -0.061087   -0.061087
     1   881    6.881720   -0.062211   -0.062211
     1   882    6.889541   -0.064832   -0.064832
     1   883    6.897361   -0.066640   -0.066640
     1   884    6.905181   -0.063271   -0.063271
     1   885    6.913001   -0.069302   -0.069302
     1   886    6.920821   -0.063375   -0.063375
     1   887    6.928641   -0.068690   -0.068690
     1   888    6.936461   -0.067937   -0.067937
     1   889    6.944282   -0.070562   -0.070562
     1   890    6.952102   -0.068427   -0.068427
     1   891    6.959922   -0.071938   -0.071938
     1   892    6.967742   -0.072283   -0.072283
     1   893    6.975562   -0.074116   -0.074116
     1   894    6.983382   -0.071437   -0.071437
     1   895    6.991202   -0.075459   -0.075459
     1   896    6.999022   -0.075622   -0.075622
     1   897    7.006843   -0.079336   -0.079336
     1   898    7.014663   -0.078495   -0.078495
     1   899    7.022483   -0.082322   -0.082322
     1   900    7.030303   -0.081917   -0.081917
     1   901    7.038123   -0.082842   -0.082842
     1   902    7.045943   -0.082166   -0.082166
     1   903    7.053763   -0.085377   -0.085377
     1   904    7.061584   -0.086072   -0.086072
     1   905    7.069404   -0.087764   -0.087764
     1   906    7.077224   -0.088630   -0.088630
     1   907    7.085044   -0.088889   -0.088889
     1   908    7.092864   -0.088367   -0.088367
     1   909    7.100684   -0.089144   -0.089144
     1   910    7.108504   -0.095320   -0.095320
     1   911    7.116325   -0.096603   -0.096603
     1   912    7.124145   -0.093528   -0.093528
     1   913    7.131965   -0.095442   -0.095442
     1   914    7.139785   -0.097086   -0.097086
     1   915    7.147605   -0.101648   -0.101648
     1   916    7.155425   -0.099716   -0.099716
     1   917    7.163245   -0.101398   -0.101398
     1   918    7.171065   -0.101632   -0.101632
     1   919    7.178886   -0.104036   -0.104036
     1   920    7.186706   -0.105039   -0.105039
     1   921    7.194526   -0.110668   -0.110668
     1   922    7.202346   -0.111668   -0.111668
     1   923    7.210166   -0.110076   -0.110076
     1   924    7.217986   -0.112252   -0.112252
     1   925    7.225806   -0.116718   -0.116718
     1   926    7.233627   -0.113959   -0.113959
     1   927    7.241447   -0.119963   -0.119963
     1   928    7.249267   -0.117624   -0.117624
     1   929    7.257087   -0.123445   -0.123445
     1   930    7.264907   -0.122655   -0.122655
     1   931    7.272727   -0.125087   -0.125087
     1   932    7.280547   -0.125701   -0.125701
     1   933    7.288368   -0.126256   -0.126256
     1   934    7.296188   -0.129216   -0.129216
     1   935    7.304008   -0.128469   -0.128469
     1   936    7.311828   -0.133008   -0.133008
     1   937    7.319648   -0.135394   -0.135394
     1   938    7.327468   -0.138188   -0.138188
     1   939    7.335288   -0.138574   -0.138574
     1   940    7.343109   -0.143193   -0.143193
     1   941    7.350929   -0.140541   -0.140541
     1   942    7.358749   -0.146736   -0.146736
     1   943    7.366569   -0.149102   -0.149102
     1   944    7.374389   -0.150935   -0.150935
     1   945    7.382209   -0.150152   -0.150152
     1   946    7.390029   -0.155489   -0.155489
     1   947    7.397849   -0.159337   -0.159337
     1   948    7.405670   -0.159085   -0.159085
     1   949    7.413490   -0.162221   -0.162221
     1   950    7.421310   -0.163575   -0.163575
     1   951    7.429130   -0.167237   -0.167237
     1   952    7.436950   -0.169501   -0.169501
     1   953    7.444770   -0.170854   -0.170854
     1   954    7.452590   -0.174156   -0.174156
     1   955    7.460411   -0.177794   -0.177794
     1   956    7.468231   -0.180363   -0.180363
     1   957    7.476051   -0.181278   -0.181278
     1   958    7.483871   -0.183635   -0.183635
     1   959    7.491691   -0.188138   -0.188138
     1   960    7.499511   -0.193049   -0.193049
     1   961    7.507331   -0.194242   -0.194242
     1   962    7.515152   -0.197964   -0.197964
     1   963    7.522972   -0.196072   -0.196072
     1   964    7.530792   -0.199949   -0.199949
     1   965    7.538612   -0.204885   -0.204885
     1   966    7.546432   -0.210673   -0.210673
     1   967    7.554252   -0.214809   -0.214809
     1   968    7.562072   -0.214069   -0.214069
     1   969    7.569892   -0.214560   -0.214560
     1   970    7.577713   -0.222461   -0.222461
     1   971    7.585533   -0.225454   -0.225454
     1   972    7.593353   -0.226306   -0.226306
     1   973    7.601173   -0.228636   -0.228636
     1   974    7.608993   -0.230768   -0.230768
     1   975    7.616813   -0.233722   -0.233722
     1   976    7.624633   -0.247415   -0.247415
     1   977    7.632454   -0.246840   -0.246840
     1   978    7.640274   -0.250162   -0.250162
     1   979    7.648094   -0.255179   -0.255179
     1   980    7.655914   -0.259367   -0.259367
     1   981    7.663734   -0.258932   -0.258932
     1   982    7.671554   -0.264748   -0.264748
     1   983    7.679374   -0.269551   -0.269551
     1   984    7.687195   -0.270674   -0.270674
     1   985    7.695015   -0.278575   -0.278575
     1   986    7.702835   -0.276133   -0.276133
     1   987    7.710655   -0.285157   -0.285157
     1   988    7.718475   -0.287550   -0.287550
     1   989    7.726295   -0.290929   -0.290929
     1   990    7.734115   -0.300205   -0.300205
     1   991    7.741935   -0.300373   -0.300373
     1   992    7.749756   -0.307639   -0.307639
     1   993    7.757576   -0.307016   -0.307016
     1   994    7.765396   -0.318516   -0.318516
     1   995    7.773216   -0.319303   -0.319303
     1   996    7.781036   -0.326190   -0.326190
     1   997    7.788856   -0.328968   -0.328968
     1   998    7.796676   -0.333825   -0.333825
     1   999    7.804497   -0.342389   -0.342389
     1  1000    7.812317   -0.345684   -0.345684
     1  1001    7.820137   -0.351047   -0.351047
     1  1002    7.827957   -0.356017   -0.356017
     1  1003    7.835777   -0.358170   -0.358170
     1  1004    7.843597   -0.366183   -0.366183
     1  1005    7.851417   -0.373989   -0.373989
     1  1006    7.859238   -0.380809   -0.380809
     1  1007    7.867058   -0.387064   -0.387064
     1  1008    7.874878   -0.392539   -0.392539
     1  1009    7.882698   -0.392513   -0.392513
     1  1010    7.890518   -0.404711   -0.404711
     1  1011    7.898338   -0.407075   -0.407075
     1  1012    7.906158   -0.414445   -0.414445
     1  1013    7.913978   -0.420486   -0.420486
     1  1014    7.921799   -0.421377   -0.421377
     1  1015    7.929619   -0.439927   -0.439927
     1  1016    7.937439   -0.438024   -0.438024
     1  1017    7.945259   -0.447075   -0.447075
     1  1018    7.953079   -0.450445   -0.450445
     1  1019    7.960899   -0.454876   -0.454876
     1  1020    7.968719   -0.470988   -0.470988
     1  1021    7.976540   -0.480123   -0.480123
     1  1022    7.984360   -0.486228   -0.486228
     1  1023    7.992180   -0.498484   -0.498484
     1  1024    8.000000   -0.505560   -0.505560


