         1         1       -0.0892185879
         2         1        0.2633191673
         3         1       -0.0158377127
         4         1        0.0594790586
         5         1       -0.0487082172
         6         1        0.0064657191
         7         1        0.5266383345
         8         1        0.1193102784
         9         1        0.0297395293
        10         1       -0.7899575018
         1         2       -0.5762142756
         2         2       -0.0035562960
         3         2        0.4919884589
         4         2        0.3841428504
         5         2        0.1694310371
         6         2       -0.2008534473
         7         2       -0.0071125921
         8         2       -0.4150195876
         9         2        0.1920714252
        10         2        0.0106688881
         1         3        0.2901242933
         2         3        0.0004195240
         3         3        0.7744544758
         4         3       -0.1934161955
         5         3       -0.1555268123
         6         3       -0.3161697158
         7         3        0.0008390481
         8         3        0.3809613314
         9         3       -0.0967080978
        10         3       -0.0012585721
         1         4        0.4676560590
         2         4        0.0455934681
         3         4        0.1227177463
         4         4       -0.3117707060
         5         4        0.2959547039
         6         4       -0.0500993101
         7         4        0.0911869362
         8         4       -0.7249380115
         9         4       -0.1558853530
        10         4       -0.1367804044
         1         5        0.0000000000
         2         5        0.4082482905
         3         5        0.0000000000
         4         5        0.0000000000
         5         5       -0.0000000000
         6         5        0.0000000000
         7         5       -0.8164965809
         8         5        0.0000000000
         9         5       -0.0000000000
        10         5       -0.4082482905
         1         6        0.4082482905
         2         6       -0.0000000000
         3         6       -0.0000000000
         4         6        0.8164965809
         5         6       -0.0000000000
         6         6       -0.0000000000
         7         6        0.0000000000
         8         6       -0.0000000000
         9         6       -0.4082482905
        10         6        0.0000000000
         1         7       -0.4328510397
         2         7       -0.0930049690
         3         7        0.0264251952
         4         7       -0.2164255199
         5         7       -0.0100918306
         6         7        0.0647282445
         7         7       -0.0232512422
         8         7       -0.0041199726
         9         7       -0.8657020795
        10         7       -0.0465024845
         1         8        0.0447855869
         2         8       -0.8667103319
         3         8       -0.0222532418
         4         8        0.0223927934
         5         8       -0.0077844491
         6         8       -0.0545090875
         7         8       -0.2166775830
         8         8       -0.0031779880
         9         8        0.0895711737
        10         8       -0.4333551659
         1         9        0.0332352141
         2         9       -0.0441540161
         3         9        0.3757415084
         4         9        0.0166176071
         5         9       -0.0537483828
         6         9        0.9203749707
         7         9       -0.0110385040
         8         9       -0.0219426854
         9         9        0.0664704282
        10         9       -0.0220770080
         1        10       -0.0024165332
         2        10       -0.0108839845
         3        10        0.0219536794
         4        10       -0.0012082666
         5        10        0.9241707233
         6        10        0.0537753126
         7        10       -0.0027209961
         8        10        0.3772911179
         9        10       -0.0048330664
        10        10       -0.0054419922
