# u shift:       2.00000000 mu shift:       1.00000000
      0.00000000      0.00000000      1.00000000
      0.03910068      0.03834612      0.96165388
      0.07820137      0.07522181      0.92477819
      0.11730205      0.11068347      0.88931653
      0.15640274      0.14478531      0.85521469
      0.19550342      0.17757947      0.82242053
      0.23460411      0.20911611      0.79088389
      0.27370479      0.23944343      0.76055657
      0.31280547      0.26860783      0.73139217
      0.35190616      0.29665388      0.70334612
      0.39100684      0.32362447      0.67637553
      0.43010753      0.34956085      0.65043915
      0.46920821      0.37450267      0.62549733
      0.50830890      0.39848806      0.60151194
      0.54740958      0.42155371      0.57844629
      0.58651026      0.44373488      0.55626512
      0.62561095      0.46506549      0.53493451
      0.66471163      0.48557815      0.51442185
      0.70381232      0.50530423      0.49469577
      0.74291300      0.52427390      0.47572610
      0.78201369      0.54251615      0.45748385
      0.82111437      0.56005888      0.43994112
      0.86021505      0.57692891      0.42307109
      0.89931574      0.59315204      0.40684796
      0.93841642      0.60875309      0.39124691
      0.97751711      0.62375589      0.37624411
      1.01661779      0.63818339      0.36181661
      1.05571848      0.65205765      0.34794235
      1.09481916      0.66539989      0.33460011
      1.13391984      0.67823050      0.32176950
      1.17302053      0.69056912      0.30943088
      1.21212121      0.70243459      0.29756541
      1.25122190      0.71384507      0.28615493
      1.29032258      0.72481800      0.27518200
      1.32942326      0.73537016      0.26462984
      1.36852395      0.74551769      0.25448231
      1.40762463      0.75527610      0.24472390
      1.44672532      0.76466031      0.23533969
      1.48582600      0.77368467      0.22631533
      1.52492669      0.78236299      0.21763701
      1.56402737      0.79070852      0.20929148
      1.60312805      0.79873404      0.20126596
      1.64222874      0.80645181      0.19354819
      1.68132942      0.81387363      0.18612637
      1.72043011      0.82101085      0.17898915
      1.75953079      0.82787439      0.17212561
      1.79863148      0.83447474      0.16552526
      1.83773216      0.84082199      0.15917801
      1.87683284      0.84692585      0.15307415
      1.91593353      0.85279565      0.14720435
      1.95503421      0.85844037      0.14155963
      1.99413490      0.86386863      0.13613137
      2.03323558      0.86908874      0.13091126
      2.07233627      0.87410868      0.12589132
      2.11143695      0.87893612      0.12106388
      2.15053763      0.88357845      0.11642155
      2.18963832      0.88804277      0.11195723
      2.22873900      0.89233589      0.10766411
      2.26783969      0.89646439      0.10353561
      2.30694037      0.90043458      0.09956542
      2.34604106      0.90425253      0.09574747
      2.38514174      0.90792407      0.09207593
      2.42424242      0.91145483      0.08854517
      2.46334311      0.91485019      0.08514981
      2.50244379      0.91811536      0.08188464
      2.54154448      0.92125531      0.07874469
      2.58064516      0.92427487      0.07572513
      2.61974585      0.92717863      0.07282137
      2.65884653      0.92997105      0.07002895
      2.69794721      0.93265639      0.06734361
      2.73704790      0.93523875      0.06476125
      2.77614858      0.93772210      0.06227790
      2.81524927      0.94011021      0.05988979
      2.85434995      0.94240675      0.05759325
      2.89345064      0.94461523      0.05538477
      2.93255132      0.94673902      0.05326098
      2.97165200      0.94878137      0.05121863
      3.01075269      0.95074541      0.04925459
      3.04985337      0.95263413      0.04736587
      3.08895406      0.95445043      0.04554957
      3.12805474      0.95619708      0.04380292
      3.16715543      0.95787675      0.04212325
      3.20625611      0.95949201      0.04050799
      3.24535679      0.96104534      0.03895466
      3.28445748      0.96253910      0.03746090
      3.32355816      0.96397558      0.03602442
      3.36265885      0.96535697      0.03464303
      3.40175953      0.96668540      0.03331460
      3.44086022      0.96796289      0.03203711
      3.47996090      0.96919138      0.03080862
      3.51906158      0.97037278      0.02962722
      3.55816227      0.97150886      0.02849114
      3.59726295      0.97260139      0.02739861
      3.63636364      0.97365202      0.02634798
      3.67546432      0.97466236      0.02533764
      3.71456500      0.97563396      0.02436604
      3.75366569      0.97656831      0.02343169
      3.79276637      0.97746682      0.02253318
      3.83186706      0.97833088      0.02166912
      3.87096774      0.97916181      0.02083819
      3.91006843      0.97996087      0.02003913
      3.94916911      0.98072929      0.01927071
      3.98826979      0.98146825      0.01853175
      4.02737048      0.98217887      0.01782113
      4.06647116      0.98286224      0.01713776
      4.10557185      0.98351941      0.01648059
      4.14467253      0.98415137      0.01584863
      4.18377322      0.98475911      0.01524089
      4.22287390      0.98534354      0.01465646
      4.26197458      0.98590556      0.01409444
      4.30107527      0.98644602      0.01355398
      4.34017595      0.98696577      0.01303423
      4.37927664      0.98746558      0.01253442
      4.41837732      0.98794622      0.01205378
      4.45747801      0.98840844      0.01159156
      4.49657869      0.98885293      0.01114707
      4.53567937      0.98928038      0.01071962
      4.57478006      0.98969143      0.01030857
      4.61388074      0.99008673      0.00991327
      4.65298143      0.99046686      0.00953314
      4.69208211      0.99083242      0.00916758
      4.73118280      0.99118396      0.00881604
      4.77028348      0.99152202      0.00847798
      4.80938416      0.99184712      0.00815288
      4.84848485      0.99215975      0.00784025
      4.88758553      0.99246040      0.00753960
      4.92668622      0.99274951      0.00725049
      4.96578690      0.99302754      0.00697246
      5.00488759      0.99329490      0.00670510
      5.04398827      0.99355202      0.00644798
      5.08308895      0.99379927      0.00620073
      5.12218964      0.99403705      0.00596295
      5.16129032      0.99426570      0.00573430
      5.20039101      0.99448559      0.00551441
      5.23949169      0.99469705      0.00530295
      5.27859238      0.99490040      0.00509960
      5.31769306      0.99509595      0.00490405
      5.35679374      0.99528400      0.00471600
      5.39589443      0.99546484      0.00453516
      5.43499511      0.99563874      0.00436126
      5.47409580      0.99580598      0.00419402
      5.51319648      0.99596681      0.00403319
      5.55229717      0.99612146      0.00387854
      5.59139785      0.99627019      0.00372981
      5.63049853      0.99641321      0.00358679
      5.66959922      0.99655075      0.00344925
      5.70869990      0.99668302      0.00331698
      5.74780059      0.99681021      0.00318979
      5.78690127      0.99693253      0.00306747
      5.82600196      0.99705015      0.00294985
      5.86510264      0.99716327      0.00283673
      5.90420332      0.99727205      0.00272795
      5.94330401      0.99737665      0.00262335
      5.98240469      0.99747725      0.00252275
      6.02150538      0.99757399      0.00242601
      6.06060606      0.99766701      0.00233299
      6.09970674      0.99775647      0.00224353
      6.13880743      0.99784250      0.00215750
      6.17790811      0.99792524      0.00207476
      6.21700880      0.99800480      0.00199520
      6.25610948      0.99808130      0.00191870
      6.29521017      0.99815488      0.00184512
      6.33431085      0.99822563      0.00177437
      6.37341153      0.99829367      0.00170633
      6.41251222      0.99835910      0.00164090
      6.45161290      0.99842203      0.00157797
      6.49071359      0.99848253      0.00151747
      6.52981427      0.99854072      0.00145928
      6.56891496      0.99859668      0.00140332
      6.60801564      0.99865049      0.00134951
      6.64711632      0.99870224      0.00129776
      6.68621701      0.99875200      0.00124800
      6.72531769      0.99879986      0.00120014
      6.76441838      0.99884588      0.00115412
      6.80351906      0.99889014      0.00110986
      6.84261975      0.99893270      0.00106730
      6.88172043      0.99897362      0.00102638
      6.92082111      0.99901298      0.00098702
      6.95992180      0.99905083      0.00094917
      6.99902248      0.99908723      0.00091277
      7.03812317      0.99912223      0.00087777
      7.07722385      0.99915589      0.00084411
      7.11632454      0.99918826      0.00081174
      7.15542522      0.99921938      0.00078062
      7.19452590      0.99924932      0.00075068
      7.23362659      0.99927810      0.00072190
      7.27272727      0.99930578      0.00069422
      7.31182796      0.99933240      0.00066760
      7.35092864      0.99935800      0.00064200
      7.39002933      0.99938262      0.00061738
      7.42913001      0.99940630      0.00059370
      7.46823069      0.99942906      0.00057094
      7.50733138      0.99945096      0.00054904
      7.54643206      0.99947201      0.00052799
      7.58553275      0.99949226      0.00050774
      7.62463343      0.99951173      0.00048827
      7.66373412      0.99953045      0.00046955
      7.70283480      0.99954845      0.00045155
      7.74193548      0.99956577      0.00043423
      7.78103617      0.99958242      0.00041758
      7.82013685      0.99959843      0.00040157
      7.85923754      0.99961383      0.00038617
      7.89833822      0.99962864      0.00037136
      7.93743891      0.99964288      0.00035712
      7.97653959      0.99965657      0.00034343
      8.01564027      0.99966974      0.00033026
      8.05474096      0.99968241      0.00031759
      8.09384164      0.99969459      0.00030541
      8.13294233      0.99970630      0.00029370
      8.17204301      0.99971756      0.00028244
      8.21114370      0.99972839      0.00027161
      8.25024438      0.99973881      0.00026119
      8.28934506      0.99974882      0.00025118
      8.32844575      0.99975845      0.00024155
      8.36754643      0.99976772      0.00023228
      8.40664712      0.99977662      0.00022338
      8.44574780      0.99978519      0.00021481
      8.48484848      0.99979343      0.00020657
      8.52394917      0.99980135      0.00019865
      8.56304985      0.99980896      0.00019104
      8.60215054      0.99981629      0.00018371
      8.64125122      0.99982333      0.00017667
      8.68035191      0.99983011      0.00016989
      8.71945259      0.99983662      0.00016338
      8.75855327      0.99984289      0.00015711
      8.79765396      0.99984891      0.00015109
      8.83675464      0.99985471      0.00014529
      8.87585533      0.99986028      0.00013972
      8.91495601      0.99986564      0.00013436
      8.95405670      0.99987079      0.00012921
      8.99315738      0.99987574      0.00012426
      9.03225806      0.99988051      0.00011949
      9.07135875      0.99988509      0.00011491
      9.11045943      0.99988950      0.00011050
      9.14956012      0.99989373      0.00010627
      9.18866080      0.99989781      0.00010219
      9.22776149      0.99990173      0.00009827
      9.26686217      0.99990550      0.00009450
      9.30596285      0.99990912      0.00009088
      9.34506354      0.99991260      0.00008740
      9.38416422      0.99991596      0.00008404
      9.42326491      0.99991918      0.00008082
      9.46236559      0.99992228      0.00007772
      9.50146628      0.99992526      0.00007474
      9.54056696      0.99992812      0.00007188
      9.57966764      0.99993088      0.00006912
      9.61876833      0.99993353      0.00006647
      9.65786901      0.99993608      0.00006392
      9.69696970      0.99993853      0.00006147
      9.73607038      0.99994089      0.00005911
      9.77517107      0.99994315      0.00005685
      9.81427175      0.99994533      0.00005467
      9.85337243      0.99994743      0.00005257
      9.89247312      0.99994945      0.00005055
      9.93157380      0.99995138      0.00004862
      9.97067449      0.99995325      0.00004675
     10.00977517      0.99995504      0.00004496
     10.04887586      0.99995677      0.00004323
     10.08797654      0.99995842      0.00004158
     10.12707722      0.99996002      0.00003998
     10.16617791      0.99996155      0.00003845
     10.20527859      0.99996303      0.00003697
     10.24437928      0.99996444      0.00003556
     10.28347996      0.99996581      0.00003419
     10.32258065      0.99996712      0.00003288
     10.36168133      0.99996838      0.00003162
     10.40078201      0.99996959      0.00003041
     10.43988270      0.99997076      0.00002924
     10.47898338      0.99997188      0.00002812
     10.51808407      0.99997296      0.00002704
     10.55718475      0.99997399      0.00002601
     10.59628543      0.99997499      0.00002501
     10.63538612      0.99997595      0.00002405
     10.67448680      0.99997687      0.00002313
     10.71358749      0.99997776      0.00002224
     10.75268817      0.99997861      0.00002139
     10.79178886      0.99997943      0.00002057
     10.83088954      0.99998022      0.00001978
     10.86999022      0.99998098      0.00001902
     10.90909091      0.99998171      0.00001829
     10.94819159      0.99998241      0.00001759
     10.98729228      0.99998308      0.00001692
     11.02639296      0.99998373      0.00001627
     11.06549365      0.99998436      0.00001564
     11.10459433      0.99998496      0.00001504
     11.14369501      0.99998553      0.00001447
     11.18279570      0.99998609      0.00001391
     11.22189638      0.99998662      0.00001338
     11.26099707      0.99998713      0.00001287
     11.30009775      0.99998763      0.00001237
     11.33919844      0.99998810      0.00001190
     11.37829912      0.99998856      0.00001144
     11.41739980      0.99998900      0.00001100
     11.45650049      0.99998942      0.00001058
     11.49560117      0.99998983      0.00001017
     11.53470186      0.99999022      0.00000978
     11.57380254      0.99999059      0.00000941
     11.61290323      0.99999095      0.00000905
     11.65200391      0.99999130      0.00000870
     11.69110459      0.99999163      0.00000837
     11.73020528      0.99999195      0.00000805
     11.76930596      0.99999226      0.00000774
     11.80840665      0.99999256      0.00000744
     11.84750733      0.99999284      0.00000716
     11.88660802      0.99999312      0.00000688
     11.92570870      0.99999338      0.00000662
     11.96480938      0.99999364      0.00000636
     12.00391007      0.99999388      0.00000612
     12.04301075      0.99999411      0.00000589
     12.08211144      0.99999434      0.00000566
     12.12121212      0.99999456      0.00000544
     12.16031281      0.99999477      0.00000523
     12.19941349      0.99999497      0.00000503
     12.23851417      0.99999516      0.00000484
     12.27761486      0.99999535      0.00000465
     12.31671554      0.99999552      0.00000448
     12.35581623      0.99999570      0.00000430
     12.39491691      0.99999586      0.00000414
     12.43401760      0.99999602      0.00000398
     12.47311828      0.99999617      0.00000383
     12.51221896      0.99999632      0.00000368
     12.55131965      0.99999646      0.00000354
     12.59042033      0.99999660      0.00000340
     12.62952102      0.99999673      0.00000327
     12.66862170      0.99999685      0.00000315
     12.70772239      0.99999697      0.00000303
     12.74682307      0.99999709      0.00000291
     12.78592375      0.99999720      0.00000280
     12.82502444      0.99999731      0.00000269
     12.86412512      0.99999741      0.00000259
     12.90322581      0.99999751      0.00000249
     12.94232649      0.99999761      0.00000239
     12.98142717      0.99999770      0.00000230
     13.02052786      0.99999779      0.00000221
     13.05962854      0.99999787      0.00000213
     13.09872923      0.99999795      0.00000205
     13.13782991      0.99999803      0.00000197
     13.17693060      0.99999811      0.00000189
     13.21603128      0.99999818      0.00000182
     13.25513196      0.99999825      0.00000175
     13.29423265      0.99999832      0.00000168
     13.33333333      0.99999838      0.00000162
     13.37243402      0.99999844      0.00000156
     13.41153470      0.99999850      0.00000150
     13.45063539      0.99999856      0.00000144
     13.48973607      0.99999861      0.00000139
     13.52883675      0.99999867      0.00000133
     13.56793744      0.99999872      0.00000128
     13.60703812      0.99999877      0.00000123
     13.64613881      0.99999882      0.00000118
     13.68523949      0.99999886      0.00000114
     13.72434018      0.99999890      0.00000110
     13.76344086      0.99999895      0.00000105
     13.80254154      0.99999899      0.00000101
     13.84164223      0.99999903      0.00000097
     13.88074291      0.99999906      0.00000094
     13.91984360      0.99999910      0.00000090
     13.95894428      0.99999913      0.00000087
     13.99804497      0.99999917      0.00000083
     14.03714565      0.99999920      0.00000080
     14.07624633      0.99999923      0.00000077
     14.11534702      0.99999926      0.00000074
     14.15444770      0.99999929      0.00000071
     14.19354839      0.99999931      0.00000069
     14.23264907      0.99999934      0.00000066
     14.27174976      0.99999937      0.00000063
     14.31085044      0.99999939      0.00000061
     14.34995112      0.99999941      0.00000059
     14.38905181      0.99999944      0.00000056
     14.42815249      0.99999946      0.00000054
     14.46725318      0.99999948      0.00000052
     14.50635386      0.99999950      0.00000050
     14.54545455      0.99999952      0.00000048
     14.58455523      0.99999954      0.00000046
     14.62365591      0.99999955      0.00000045
     14.66275660      0.99999957      0.00000043
     14.70185728      0.99999959      0.00000041
     14.74095797      0.99999960      0.00000040
     14.78005865      0.99999962      0.00000038
     14.81915934      0.99999963      0.00000037
     14.85826002      0.99999965      0.00000035
     14.89736070      0.99999966      0.00000034
     14.93646139      0.99999967      0.00000033
     14.97556207      0.99999969      0.00000031
     15.01466276      0.99999970      0.00000030
     15.05376344      0.99999971      0.00000029
     15.09286413      0.99999972      0.00000028
     15.13196481      0.99999973      0.00000027
     15.17106549      0.99999974      0.00000026
     15.21016618      0.99999975      0.00000025
     15.24926686      0.99999976      0.00000024
     15.28836755      0.99999977      0.00000023
     15.32746823      0.99999978      0.00000022
     15.36656891      0.99999979      0.00000021
     15.40566960      0.99999980      0.00000020
     15.44477028      0.99999980      0.00000020
     15.48387097      0.99999981      0.00000019
     15.52297165      0.99999982      0.00000018
     15.56207234      0.99999983      0.00000017
     15.60117302      0.99999983      0.00000017
     15.64027370      0.99999984      0.00000016
     15.67937439      0.99999984      0.00000016
     15.71847507      0.99999985      0.00000015
     15.75757576      0.99999986      0.00000014
     15.79667644      0.99999986      0.00000014
     15.83577713      0.99999987      0.00000013
     15.87487781      0.99999987      0.00000013
     15.91397849      0.99999988      0.00000012
     15.95307918      0.99999988      0.00000012
     15.99217986      0.99999989      0.00000011
     16.03128055      0.99999989      0.00000011
     16.07038123      0.99999990      0.00000010
     16.10948192      0.99999990      0.00000010
     16.14858260      0.99999990      0.00000010
     16.18768328      0.99999991      0.00000009
     16.22678397      0.99999991      0.00000009
     16.26588465      0.99999991      0.00000009
     16.30498534      0.99999992      0.00000008
     16.34408602      0.99999992      0.00000008
     16.38318671      0.99999992      0.00000008
     16.42228739      0.99999993      0.00000007
     16.46138807      0.99999993      0.00000007
     16.50048876      0.99999993      0.00000007
     16.53958944      0.99999993      0.00000007
     16.57869013      0.99999994      0.00000006
     16.61779081      0.99999994      0.00000006
     16.65689150      0.99999994      0.00000006
     16.69599218      0.99999994      0.00000006
     16.73509286      0.99999995      0.00000005
     16.77419355      0.99999995      0.00000005
     16.81329423      0.99999995      0.00000005
     16.85239492      0.99999995      0.00000005
     16.89149560      0.99999995      0.00000005
     16.93059629      0.99999996      0.00000004
     16.96969697      0.99999996      0.00000004
     17.00879765      0.99999996      0.00000004
     17.04789834      0.99999996      0.00000004
     17.08699902      0.99999996      0.00000004
     17.12609971      0.99999996      0.00000004
     17.16520039      0.99999996      0.00000003
     17.20430108      0.99999997      0.00000003
     17.24340176      0.99999997      0.00000003
     17.28250244      0.99999997      0.00000003
     17.32160313      0.99999997      0.00000003
     17.36070381      0.99999997      0.00000003
     17.39980450      0.99999997      0.00000003
     17.43890518      0.99999997      0.00000003
     17.47800587      0.99999997      0.00000003
     17.51710655      0.99999998      0.00000002
     17.55620723      0.99999998      0.00000002
     17.59530792      0.99999998      0.00000002
     17.63440860      0.99999998      0.00000002
     17.67350929      0.99999998      0.00000002
     17.71260997      0.99999998      0.00000002
     17.75171065      0.99999998      0.00000002
     17.79081134      0.99999998      0.00000002
     17.82991202      0.99999998      0.00000002
     17.86901271      0.99999998      0.00000002
     17.90811339      0.99999998      0.00000002
     17.94721408      0.99999998      0.00000002
     17.98631476      0.99999998      0.00000002
     18.02541544      0.99999998      0.00000001
     18.06451613      0.99999999      0.00000001
     18.10361681      0.99999999      0.00000001
     18.14271750      0.99999999      0.00000001
     18.18181818      0.99999999      0.00000001
     18.22091887      0.99999999      0.00000001
     18.26001955      0.99999999      0.00000001
     18.29912023      0.99999999      0.00000001
     18.33822092      0.99999999      0.00000001
     18.37732160      0.99999999      0.00000001
     18.41642229      0.99999999      0.00000001
     18.45552297      0.99999999      0.00000001
     18.49462366      0.99999999      0.00000001
     18.53372434      0.99999999      0.00000001
     18.57282502      0.99999999      0.00000001
     18.61192571      0.99999999      0.00000001
     18.65102639      0.99999999      0.00000001
     18.69012708      0.99999999      0.00000001
     18.72922776      0.99999999      0.00000001
     18.76832845      0.99999999      0.00000001
     18.80742913      0.99999999      0.00000001
     18.84652981      0.99999999      0.00000001
     18.88563050      0.99999999      0.00000001
     18.92473118      0.99999999      0.00000001
     18.96383187      0.99999999      0.00000001
     19.00293255      0.99999999      0.00000000
     19.04203324      0.99999999      0.00000000
     19.08113392      0.99999999      0.00000000
     19.12023460      0.99999999      0.00000000
     19.15933529      0.99999999      0.00000000
     19.19843597      0.99999999      0.00000000
     19.23753666      0.99999999      0.00000000
     19.27663734      0.99999999      0.00000000
     19.31573803      0.99999999      0.00000000
     19.35483871      0.99999999      0.00000000
     19.39393939      1.00000000      0.00000000
     19.43304008      1.00000000      0.00000000
     19.47214076      1.00000000      0.00000000
     19.51124145      1.00000000      0.00000000
     19.55034213      1.00000000      0.00000000
     19.58944282      1.00000000      0.00000000
     19.62854350      1.00000000      0.00000000
     19.66764418      1.00000000      0.00000000
     19.70674487      1.00000000      0.00000000
     19.74584555      1.00000000      0.00000000
     19.78494624      1.00000000      0.00000000
     19.82404692      1.00000000      0.00000000
     19.86314761      1.00000000      0.00000000
     19.90224829      1.00000000      0.00000000
     19.94134897      1.00000000      0.00000000
     19.98044966      1.00000000      0.00000000
     20.01955034      1.00000000     -0.00000000
     20.05865103      1.00000000     -0.00000000
     20.09775171      1.00000000     -0.00000000
     20.13685239      1.00000000     -0.00000000
     20.17595308      1.00000000     -0.00000000
     20.21505376      1.00000000     -0.00000000
     20.25415445      1.00000000     -0.00000000
     20.29325513      1.00000000     -0.00000000
     20.33235582      1.00000000     -0.00000000
     20.37145650      1.00000000     -0.00000000
     20.41055718      1.00000000     -0.00000000
     20.44965787      1.00000000     -0.00000000
     20.48875855      1.00000000     -0.00000000
     20.52785924      1.00000000     -0.00000000
     20.56695992      1.00000000     -0.00000000
     20.60606061      1.00000000     -0.00000000
     20.64516129      0.99999999     -0.00000000
     20.68426197      0.99999999     -0.00000000
     20.72336266      0.99999999     -0.00000000
     20.76246334      0.99999999     -0.00000000
     20.80156403      0.99999999     -0.00000000
     20.84066471      0.99999999     -0.00000000
     20.87976540      0.99999999     -0.00000000
     20.91886608      0.99999999     -0.00000000
     20.95796676      0.99999999     -0.00000000
     20.99706745      0.99999999     -0.00000000
     21.03616813      0.99999999     -0.00000001
     21.07526882      0.99999999     -0.00000001
     21.11436950      0.99999999     -0.00000001
     21.15347019      0.99999999     -0.00000001
     21.19257087      0.99999999     -0.00000001
     21.23167155      0.99999999     -0.00000001
     21.27077224      0.99999999     -0.00000001
     21.30987292      0.99999999     -0.00000001
     21.34897361      0.99999999     -0.00000001
     21.38807429      0.99999999     -0.00000001
     21.42717498      0.99999999     -0.00000001
     21.46627566      0.99999999     -0.00000001
     21.50537634      0.99999999     -0.00000001
     21.54447703      0.99999999     -0.00000001
     21.58357771      0.99999999     -0.00000001
     21.62267840      0.99999999     -0.00000001
     21.66177908      0.99999999     -0.00000001
     21.70087977      0.99999999     -0.00000001
     21.73998045      0.99999999     -0.00000001
     21.77908113      0.99999999     -0.00000001
     21.81818182      0.99999999     -0.00000001
     21.85728250      0.99999999     -0.00000001
     21.89638319      0.99999999     -0.00000001
     21.93548387      0.99999999     -0.00000001
     21.97458456      0.99999998     -0.00000001
     22.01368524      0.99999998     -0.00000002
     22.05278592      0.99999998     -0.00000002
     22.09188661      0.99999998     -0.00000002
     22.13098729      0.99999998     -0.00000002
     22.17008798      0.99999998     -0.00000002
     22.20918866      0.99999998     -0.00000002
     22.24828935      0.99999998     -0.00000002
     22.28739003      0.99999998     -0.00000002
     22.32649071      0.99999998     -0.00000002
     22.36559140      0.99999998     -0.00000002
     22.40469208      0.99999998     -0.00000002
     22.44379277      0.99999998     -0.00000002
     22.48289345      0.99999998     -0.00000002
     22.52199413      0.99999997     -0.00000003
     22.56109482      0.99999997     -0.00000003
     22.60019550      0.99999997     -0.00000003
     22.63929619      0.99999997     -0.00000003
     22.67839687      0.99999997     -0.00000003
     22.71749756      0.99999997     -0.00000003
     22.75659824      0.99999997     -0.00000003
     22.79569892      0.99999997     -0.00000003
     22.83479961      0.99999996     -0.00000003
     22.87390029      0.99999996     -0.00000004
     22.91300098      0.99999996     -0.00000004
     22.95210166      0.99999996     -0.00000004
     22.99120235      0.99999996     -0.00000004
     23.03030303      0.99999996     -0.00000004
     23.06940371      0.99999996     -0.00000004
     23.10850440      0.99999995     -0.00000005
     23.14760508      0.99999995     -0.00000005
     23.18670577      0.99999995     -0.00000005
     23.22580645      0.99999995     -0.00000005
     23.26490714      0.99999995     -0.00000005
     23.30400782      0.99999994     -0.00000006
     23.34310850      0.99999994     -0.00000006
     23.38220919      0.99999994     -0.00000006
     23.42130987      0.99999994     -0.00000006
     23.46041056      0.99999993     -0.00000007
     23.49951124      0.99999993     -0.00000007
     23.53861193      0.99999993     -0.00000007
     23.57771261      0.99999993     -0.00000007
     23.61681329      0.99999992     -0.00000008
     23.65591398      0.99999992     -0.00000008
     23.69501466      0.99999992     -0.00000008
     23.73411535      0.99999991     -0.00000009
     23.77321603      0.99999991     -0.00000009
     23.81231672      0.99999991     -0.00000009
     23.85141740      0.99999990     -0.00000010
     23.89051808      0.99999990     -0.00000010
     23.92961877      0.99999990     -0.00000010
     23.96871945      0.99999989     -0.00000011
     24.00782014      0.99999989     -0.00000011
     24.04692082      0.99999988     -0.00000012
     24.08602151      0.99999988     -0.00000012
     24.12512219      0.99999987     -0.00000013
     24.16422287      0.99999987     -0.00000013
     24.20332356      0.99999986     -0.00000014
     24.24242424      0.99999986     -0.00000014
     24.28152493      0.99999985     -0.00000015
     24.32062561      0.99999984     -0.00000016
     24.35972630      0.99999984     -0.00000016
     24.39882698      0.99999983     -0.00000017
     24.43792766      0.99999983     -0.00000017
     24.47702835      0.99999982     -0.00000018
     24.51612903      0.99999981     -0.00000019
     24.55522972      0.99999980     -0.00000020
     24.59433040      0.99999980     -0.00000020
     24.63343109      0.99999979     -0.00000021
     24.67253177      0.99999978     -0.00000022
     24.71163245      0.99999977     -0.00000023
     24.75073314      0.99999976     -0.00000024
     24.78983382      0.99999975     -0.00000025
     24.82893451      0.99999974     -0.00000026
     24.86803519      0.99999973     -0.00000027
     24.90713587      0.99999972     -0.00000028
     24.94623656      0.99999971     -0.00000029
     24.98533724      0.99999970     -0.00000030
     25.02443793      0.99999969     -0.00000031
     25.06353861      0.99999967     -0.00000033
     25.10263930      0.99999966     -0.00000034
     25.14173998      0.99999965     -0.00000035
     25.18084066      0.99999963     -0.00000037
     25.21994135      0.99999962     -0.00000038
     25.25904203      0.99999960     -0.00000040
     25.29814272      0.99999959     -0.00000041
     25.33724340      0.99999957     -0.00000043
     25.37634409      0.99999955     -0.00000045
     25.41544477      0.99999954     -0.00000046
     25.45454545      0.99999952     -0.00000048
     25.49364614      0.99999950     -0.00000050
     25.53274682      0.99999948     -0.00000052
     25.57184751      0.99999946     -0.00000054
     25.61094819      0.99999944     -0.00000056
     25.65004888      0.99999941     -0.00000059
     25.68914956      0.99999939     -0.00000061
     25.72825024      0.99999937     -0.00000063
     25.76735093      0.99999934     -0.00000066
     25.80645161      0.99999931     -0.00000069
     25.84555230      0.99999929     -0.00000071
     25.88465298      0.99999926     -0.00000074
     25.92375367      0.99999923     -0.00000077
     25.96285435      0.99999920     -0.00000080
     26.00195503      0.99999917     -0.00000083
     26.04105572      0.99999913     -0.00000087
     26.08015640      0.99999910     -0.00000090
     26.11925709      0.99999906     -0.00000094
     26.15835777      0.99999903     -0.00000097
     26.19745846      0.99999899     -0.00000101
     26.23655914      0.99999895     -0.00000105
     26.27565982      0.99999890     -0.00000110
     26.31476051      0.99999886     -0.00000114
     26.35386119      0.99999882     -0.00000118
     26.39296188      0.99999877     -0.00000123
     26.43206256      0.99999872     -0.00000128
     26.47116325      0.99999867     -0.00000133
     26.51026393      0.99999861     -0.00000139
     26.54936461      0.99999856     -0.00000144
     26.58846530      0.99999850     -0.00000150
     26.62756598      0.99999844     -0.00000156
     26.66666667      0.99999838     -0.00000162
     26.70576735      0.99999832     -0.00000168
     26.74486804      0.99999825     -0.00000175
     26.78396872      0.99999818     -0.00000182
     26.82306940      0.99999811     -0.00000189
     26.86217009      0.99999803     -0.00000197
     26.90127077      0.99999795     -0.00000205
     26.94037146      0.99999787     -0.00000213
     26.97947214      0.99999779     -0.00000221
     27.01857283      0.99999770     -0.00000230
     27.05767351      0.99999761     -0.00000239
     27.09677419      0.99999751     -0.00000249
     27.13587488      0.99999741     -0.00000259
     27.17497556      0.99999731     -0.00000269
     27.21407625      0.99999720     -0.00000280
     27.25317693      0.99999709     -0.00000291
     27.29227761      0.99999697     -0.00000303
     27.33137830      0.99999685     -0.00000315
     27.37047898      0.99999673     -0.00000327
     27.40957967      0.99999660     -0.00000340
     27.44868035      0.99999646     -0.00000354
     27.48778104      0.99999632     -0.00000368
     27.52688172      0.99999617     -0.00000383
     27.56598240      0.99999602     -0.00000398
     27.60508309      0.99999586     -0.00000414
     27.64418377      0.99999570     -0.00000430
     27.68328446      0.99999552     -0.00000448
     27.72238514      0.99999535     -0.00000465
     27.76148583      0.99999516     -0.00000484
     27.80058651      0.99999497     -0.00000503
     27.83968719      0.99999477     -0.00000523
     27.87878788      0.99999456     -0.00000544
     27.91788856      0.99999434     -0.00000566
     27.95698925      0.99999411     -0.00000589
     27.99608993      0.99999388     -0.00000612
     28.03519062      0.99999364     -0.00000636
     28.07429130      0.99999338     -0.00000662
     28.11339198      0.99999312     -0.00000688
     28.15249267      0.99999284     -0.00000716
     28.19159335      0.99999256     -0.00000744
     28.23069404      0.99999226     -0.00000774
     28.26979472      0.99999195     -0.00000805
     28.30889541      0.99999163     -0.00000837
     28.34799609      0.99999130     -0.00000870
     28.38709677      0.99999095     -0.00000905
     28.42619746      0.99999059     -0.00000941
     28.46529814      0.99999022     -0.00000978
     28.50439883      0.99998983     -0.00001017
     28.54349951      0.99998942     -0.00001058
     28.58260020      0.99998900     -0.00001100
     28.62170088      0.99998856     -0.00001144
     28.66080156      0.99998810     -0.00001190
     28.69990225      0.99998763     -0.00001237
     28.73900293      0.99998713     -0.00001287
     28.77810362      0.99998662     -0.00001338
     28.81720430      0.99998609     -0.00001391
     28.85630499      0.99998553     -0.00001447
     28.89540567      0.99998496     -0.00001504
     28.93450635      0.99998436     -0.00001564
     28.97360704      0.99998373     -0.00001627
     29.01270772      0.99998308     -0.00001692
     29.05180841      0.99998241     -0.00001759
     29.09090909      0.99998171     -0.00001829
     29.13000978      0.99998098     -0.00001902
     29.16911046      0.99998022     -0.00001978
     29.20821114      0.99997943     -0.00002057
     29.24731183      0.99997861     -0.00002139
     29.28641251      0.99997776     -0.00002224
     29.32551320      0.99997687     -0.00002313
     29.36461388      0.99997595     -0.00002405
     29.40371457      0.99997499     -0.00002501
     29.44281525      0.99997399     -0.00002601
     29.48191593      0.99997296     -0.00002704
     29.52101662      0.99997188     -0.00002812
     29.56011730      0.99997076     -0.00002924
     29.59921799      0.99996959     -0.00003041
     29.63831867      0.99996838     -0.00003162
     29.67741935      0.99996712     -0.00003288
     29.71652004      0.99996581     -0.00003419
     29.75562072      0.99996444     -0.00003556
     29.79472141      0.99996303     -0.00003697
     29.83382209      0.99996155     -0.00003845
     29.87292278      0.99996002     -0.00003998
     29.91202346      0.99995842     -0.00004158
     29.95112414      0.99995677     -0.00004323
     29.99022483      0.99995504     -0.00004496
     30.02932551      0.99995325     -0.00004675
     30.06842620      0.99995138     -0.00004862
     30.10752688      0.99994945     -0.00005055
     30.14662757      0.99994743     -0.00005257
     30.18572825      0.99994533     -0.00005467
     30.22482893      0.99994315     -0.00005685
     30.26392962      0.99994089     -0.00005911
     30.30303030      0.99993853     -0.00006147
     30.34213099      0.99993608     -0.00006392
     30.38123167      0.99993353     -0.00006647
     30.42033236      0.99993088     -0.00006912
     30.45943304      0.99992812     -0.00007188
     30.49853372      0.99992526     -0.00007474
     30.53763441      0.99992228     -0.00007772
     30.57673509      0.99991918     -0.00008082
     30.61583578      0.99991596     -0.00008404
     30.65493646      0.99991260     -0.00008740
     30.69403715      0.99990912     -0.00009088
     30.73313783      0.99990550     -0.00009450
     30.77223851      0.99990173     -0.00009827
     30.81133920      0.99989781     -0.00010219
     30.85043988      0.99989373     -0.00010627
     30.88954057      0.99988950     -0.00011050
     30.92864125      0.99988509     -0.00011491
     30.96774194      0.99988051     -0.00011949
     31.00684262      0.99987574     -0.00012426
     31.04594330      0.99987079     -0.00012921
     31.08504399      0.99986564     -0.00013436
     31.12414467      0.99986028     -0.00013972
     31.16324536      0.99985471     -0.00014529
     31.20234604      0.99984891     -0.00015109
     31.24144673      0.99984289     -0.00015711
     31.28054741      0.99983662     -0.00016338
     31.31964809      0.99983011     -0.00016989
     31.35874878      0.99982333     -0.00017667
     31.39784946      0.99981629     -0.00018371
     31.43695015      0.99980896     -0.00019104
     31.47605083      0.99980135     -0.00019865
     31.51515152      0.99979343     -0.00020657
     31.55425220      0.99978519     -0.00021481
     31.59335288      0.99977662     -0.00022338
     31.63245357      0.99976772     -0.00023228
     31.67155425      0.99975845     -0.00024155
     31.71065494      0.99974882     -0.00025118
     31.74975562      0.99973881     -0.00026119
     31.78885630      0.99972839     -0.00027161
     31.82795699      0.99971756     -0.00028244
     31.86705767      0.99970630     -0.00029370
     31.90615836      0.99969459     -0.00030541
     31.94525904      0.99968241     -0.00031759
     31.98435973      0.99966974     -0.00033026
     32.02346041      0.99965657     -0.00034343
     32.06256109      0.99964288     -0.00035712
     32.10166178      0.99962864     -0.00037136
     32.14076246      0.99961383     -0.00038617
     32.17986315      0.99959843     -0.00040157
     32.21896383      0.99958242     -0.00041758
     32.25806452      0.99956577     -0.00043423
     32.29716520      0.99954845     -0.00045155
     32.33626588      0.99953045     -0.00046955
     32.37536657      0.99951173     -0.00048827
     32.41446725      0.99949226     -0.00050774
     32.45356794      0.99947201     -0.00052799
     32.49266862      0.99945096     -0.00054904
     32.53176931      0.99942906     -0.00057094
     32.57086999      0.99940630     -0.00059370
     32.60997067      0.99938262     -0.00061738
     32.64907136      0.99935800     -0.00064200
     32.68817204      0.99933240     -0.00066760
     32.72727273      0.99930578     -0.00069422
     32.76637341      0.99927810     -0.00072190
     32.80547410      0.99924932     -0.00075068
     32.84457478      0.99921938     -0.00078062
     32.88367546      0.99918826     -0.00081174
     32.92277615      0.99915589     -0.00084411
     32.96187683      0.99912223     -0.00087777
     33.00097752      0.99908723     -0.00091277
     33.04007820      0.99905083     -0.00094917
     33.07917889      0.99901298     -0.00098702
     33.11827957      0.99897362     -0.00102638
     33.15738025      0.99893270     -0.00106730
     33.19648094      0.99889014     -0.00110986
     33.23558162      0.99884588     -0.00115412
     33.27468231      0.99879986     -0.00120014
     33.31378299      0.99875200     -0.00124800
     33.35288368      0.99870224     -0.00129776
     33.39198436      0.99865049     -0.00134951
     33.43108504      0.99859668     -0.00140332
     33.47018573      0.99854072     -0.00145928
     33.50928641      0.99848253     -0.00151747
     33.54838710      0.99842203     -0.00157797
     33.58748778      0.99835910     -0.00164090
     33.62658847      0.99829367     -0.00170633
     33.66568915      0.99822563     -0.00177437
     33.70478983      0.99815488     -0.00184512
     33.74389052      0.99808130     -0.00191870
     33.78299120      0.99800480     -0.00199520
     33.82209189      0.99792524     -0.00207476
     33.86119257      0.99784250     -0.00215750
     33.90029326      0.99775647     -0.00224353
     33.93939394      0.99766701     -0.00233299
     33.97849462      0.99757399     -0.00242601
     34.01759531      0.99747725     -0.00252275
     34.05669599      0.99737665     -0.00262335
     34.09579668      0.99727205     -0.00272795
     34.13489736      0.99716327     -0.00283673
     34.17399804      0.99705015     -0.00294985
     34.21309873      0.99693253     -0.00306747
     34.25219941      0.99681021     -0.00318979
     34.29130010      0.99668302     -0.00331698
     34.33040078      0.99655075     -0.00344925
     34.36950147      0.99641321     -0.00358679
     34.40860215      0.99627019     -0.00372981
     34.44770283      0.99612146     -0.00387854
     34.48680352      0.99596681     -0.00403319
     34.52590420      0.99580598     -0.00419402
     34.56500489      0.99563874     -0.00436126
     34.60410557      0.99546484     -0.00453516
     34.64320626      0.99528400     -0.00471600
     34.68230694      0.99509595     -0.00490405
     34.72140762      0.99490040     -0.00509960
     34.76050831      0.99469705     -0.00530295
     34.79960899      0.99448559     -0.00551441
     34.83870968      0.99426570     -0.00573430
     34.87781036      0.99403705     -0.00596295
     34.91691105      0.99379927     -0.00620073
     34.95601173      0.99355202     -0.00644798
     34.99511241      0.99329490     -0.00670510
     35.03421310      0.99302754     -0.00697246
     35.07331378      0.99274951     -0.00725049
     35.11241447      0.99246040     -0.00753960
     35.15151515      0.99215975     -0.00784025
     35.19061584      0.99184712     -0.00815288
     35.22971652      0.99152202     -0.00847798
     35.26881720      0.99118396     -0.00881604
     35.30791789      0.99083242     -0.00916758
     35.34701857      0.99046686     -0.00953314
     35.38611926      0.99008673     -0.00991327
     35.42521994      0.98969143     -0.01030857
     35.46432063      0.98928038     -0.01071962
     35.50342131      0.98885293     -0.01114707
     35.54252199      0.98840844     -0.01159156
     35.58162268      0.98794622     -0.01205378
     35.62072336      0.98746558     -0.01253442
     35.65982405      0.98696577     -0.01303423
     35.69892473      0.98644602     -0.01355398
     35.73802542      0.98590556     -0.01409444
     35.77712610      0.98534354     -0.01465646
     35.81622678      0.98475911     -0.01524089
     35.85532747      0.98415137     -0.01584863
     35.89442815      0.98351941     -0.01648059
     35.93352884      0.98286224     -0.01713776
     35.97262952      0.98217887     -0.01782113
     36.01173021      0.98146825     -0.01853175
     36.05083089      0.98072929     -0.01927071
     36.08993157      0.97996087     -0.02003913
     36.12903226      0.97916181     -0.02083819
     36.16813294      0.97833088     -0.02166912
     36.20723363      0.97746682     -0.02253318
     36.24633431      0.97656831     -0.02343169
     36.28543500      0.97563396     -0.02436604
     36.32453568      0.97466236     -0.02533764
     36.36363636      0.97365202     -0.02634798
     36.40273705      0.97260139     -0.02739861
     36.44183773      0.97150886     -0.02849114
     36.48093842      0.97037278     -0.02962722
     36.52003910      0.96919138     -0.03080862
     36.55913978      0.96796289     -0.03203711
     36.59824047      0.96668540     -0.03331460
     36.63734115      0.96535697     -0.03464303
     36.67644184      0.96397558     -0.03602442
     36.71554252      0.96253910     -0.03746090
     36.75464321      0.96104534     -0.03895466
     36.79374389      0.95949201     -0.04050799
     36.83284457      0.95787675     -0.04212325
     36.87194526      0.95619708     -0.04380292
     36.91104594      0.95445043     -0.04554957
     36.95014663      0.95263413     -0.04736587
     36.98924731      0.95074541     -0.04925459
     37.02834800      0.94878137     -0.05121863
     37.06744868      0.94673902     -0.05326098
     37.10654936      0.94461523     -0.05538477
     37.14565005      0.94240675     -0.05759325
     37.18475073      0.94011021     -0.05988979
     37.22385142      0.93772210     -0.06227790
     37.26295210      0.93523875     -0.06476125
     37.30205279      0.93265639     -0.06734361
     37.34115347      0.92997105     -0.07002895
     37.38025415      0.92717863     -0.07282137
     37.41935484      0.92427487     -0.07572513
     37.45845552      0.92125531     -0.07874469
     37.49755621      0.91811536     -0.08188464
     37.53665689      0.91485019     -0.08514981
     37.57575758      0.91145483     -0.08854517
     37.61485826      0.90792407     -0.09207593
     37.65395894      0.90425253     -0.09574747
     37.69305963      0.90043458     -0.09956542
     37.73216031      0.89646439     -0.10353561
     37.77126100      0.89233589     -0.10766411
     37.81036168      0.88804277     -0.11195723
     37.84946237      0.88357845     -0.11642155
     37.88856305      0.87893612     -0.12106388
     37.92766373      0.87410868     -0.12589132
     37.96676442      0.86908874     -0.13091126
     38.00586510      0.86386863     -0.13613137
     38.04496579      0.85844037     -0.14155963
     38.08406647      0.85279565     -0.14720435
     38.12316716      0.84692585     -0.15307415
     38.16226784      0.84082199     -0.15917801
     38.20136852      0.83447474     -0.16552526
     38.24046921      0.82787439     -0.17212561
     38.27956989      0.82101085     -0.17898915
     38.31867058      0.81387363     -0.18612637
     38.35777126      0.80645181     -0.19354819
     38.39687195      0.79873404     -0.20126596
     38.43597263      0.79070852     -0.20929148
     38.47507331      0.78236299     -0.21763701
     38.51417400      0.77368467     -0.22631533
     38.55327468      0.76466031     -0.23533969
     38.59237537      0.75527610     -0.24472390
     38.63147605      0.74551769     -0.25448231
     38.67057674      0.73537016     -0.26462984
     38.70967742      0.72481800     -0.27518200
     38.74877810      0.71384507     -0.28615493
     38.78787879      0.70243459     -0.29756541
     38.82697947      0.69056912     -0.30943088
     38.86608016      0.67823050     -0.32176950
     38.90518084      0.66539989     -0.33460011
     38.94428152      0.65205765     -0.34794235
     38.98338221      0.63818339     -0.36181661
     39.02248289      0.62375589     -0.37624411
     39.06158358      0.60875309     -0.39124691
     39.10068426      0.59315204     -0.40684796
     39.13978495      0.57692891     -0.42307109
     39.17888563      0.56005888     -0.43994112
     39.21798631      0.54251615     -0.45748385
     39.25708700      0.52427390     -0.47572610
     39.29618768      0.50530423     -0.49469577
     39.33528837      0.48557815     -0.51442185
     39.37438905      0.46506549     -0.53493451
     39.41348974      0.44373488     -0.55626512
     39.45259042      0.42155371     -0.57844629
     39.49169110      0.39848806     -0.60151194
     39.53079179      0.37450267     -0.62549733
     39.56989247      0.34956085     -0.65043915
     39.60899316      0.32362447     -0.67637553
     39.64809384      0.29665388     -0.70334612
     39.68719453      0.26860783     -0.73139217
     39.72629521      0.23944343     -0.76055657
     39.76539589      0.20911611     -0.79088389
     39.80449658      0.17757947     -0.82242053
     39.84359726      0.14478531     -0.85521469
     39.88269795      0.11068347     -0.88931653
     39.92179863      0.07522181     -0.92477819
     39.96089932      0.03834612     -0.96165388
     40.00000000      0.00000000     -1.00000000
